Id	Species	Sex	RawCoord1	RawCoord2	RawCoord3	RawCoord4	RawCoord5	RawCoord6	RawCoord7	RawCoord8	RawCoord9	RawCoord10	RawCoord11	RawCoord12	RawCoord13	RawCoord14	RawCoord15	RawCoord16	RawCoord17	RawCoord18	RawCoord19	RawCoord20	RawCoord21	RawCoord22	RawCoord23	RawCoord24	RawCoord25	RawCoord26	RawCoord27	RawCoord28	RawCoord29	RawCoord30	RawCoord31	RawCoord32	RawCoord33	RawCoord34	RawCoord35	RawCoord36	RawCoord37	RawCoord38	RawCoord39	RawCoord40
dif_f0001.tif	C. difficilis	f	637	1006	661	1049	702	1082	745	1109	784	1142	816	1182	842	1227	863	1273	883	1321	908	1366	936	1409	964	1452	998	1491	1032	1530	1070	1563	1111	1594	1155	1621	1200	1646	1249	1660	1300	1663
dif_f0002.tif	C. difficilis	f	536	977	566	1032	622	1061	675	1096	725	1135	771	1179	801	1235	826	1293	846	1354	862	1415	889	1472	912	1531	946	1585	987	1633	1035	1676	1084	1716	1135	1753	1192	1782	1250	1807	1313	1815
dif_f0003.tif	C. difficilis	f	538	902	565	948	608	978	650	1010	688	1046	721	1088	746	1135	767	1183	784	1233	806	1281	832	1327	861	1372	895	1411	936	1446	974	1482	1016	1515	1058	1546	1104	1573	1154	1590	1206	1592
dif_f0004.tif	C. difficilis	f	358	971	392	1023	441	1062	489	1102	527	1152	559	1206	583	1265	600	1325	616	1386	637	1446	667	1501	704	1552	745	1600	795	1638	846	1675	902	1705	958	1734	1013	1765	1072	1785	1135	1789
dif_f0005.tif	C. difficilis	f	397	1035	422	1093	468	1137	519	1175	564	1219	606	1268	643	1319	672	1376	700	1433	732	1488	768	1540	808	1590	853	1635	902	1675	956	1710	1011	1742	1067	1771	1126	1795	1187	1814	1249	1810
dif_m0001.tif	C. difficilis	m	517	1097	546	1145	589	1181	639	1208	682	1243	715	1289	742	1338	763	1391	781	1444	800	1497	823	1549	851	1598	886	1643	926	1683	970	1717	1018	1748	1068	1773	1120	1797	1175	1808	1230	1802
dif_m0002.tif	C. difficilis	m	302	1024	345	1064	392	1098	443	1125	492	1158	534	1198	565	1248	588	1302	610	1356	632	1410	659	1462	691	1511	730	1554	775	1591	822	1625	873	1655	925	1682	979	1703	1036	1715	1093	1708
dif_m0003.tif	C. difficilis	m	699	913	744	943	791	970	830	1008	859	1053	878	1103	894	1155	911	1206	925	1258	940	1310	959	1361	984	1409	1015	1453	1047	1496	1086	1534	1129	1567	1172	1600	1217	1630	1264	1656	1315	1658
dif_m0004.tif	C. difficilis	m	416	1065	461	1095	514	1111	567	1129	606	1168	643	1211	668	1260	691	1311	711	1363	733	1415	758	1464	789	1510	826	1553	865	1592	908	1628	953	1660	999	1692	1046	1722	1098	1742	1153	1748
dif_m0005.tif	C. difficilis	m	452	1020	488	1062	537	1091	585	1120	628	1156	668	1197	701	1242	729	1291	753	1342	775	1394	799	1445	825	1496	861	1539	901	1580	944	1616	988	1651	1032	1686	1076	1721	1127	1744	1180	1731
ery_f0001.tif	C. erythrocnemis	f	422	804	462	865	506	925	550	984	590	1045	629	1108	654	1177	663	1250	681	1321	700	1392	719	1463	747	1531	786	1593	834	1649	889	1697	951	1737	1014	1774	1082	1803	1153	1819	1223	1812
ery_f0002.tif	C. erythrocnemis	f	542	868	582	914	622	961	662	1007	703	1052	725	1109	743	1168	755	1227	766	1287	778	1348	799	1405	825	1460	854	1514	892	1562	938	1601	984	1641	1033	1677	1088	1703	1148	1717	1208	1714
ery_f0003.tif	C. erythrocnemis	f	474	780	516	836	569	882	616	934	656	991	685	1055	702	1123	723	1190	733	1259	744	1329	758	1397	781	1463	818	1523	858	1581	906	1632	959	1677	1017	1716	1074	1758	1136	1787	1206	1785
ery_f0004.tif	C. erythrocnemis	f	454	932	494	980	538	1024	580	1070	614	1123	639	1180	659	1239	673	1300	683	1362	696	1423	715	1482	739	1540	773	1591	815	1638	861	1679	913	1714	967	1746	1018	1782	1078	1798	1138	1789
ery_f0005.tif	C. erythrocnemis	f	409	900	451	951	500	994	556	1030	598	1080	626	1140	645	1203	657	1268	672	1333	691	1396	709	1459	731	1522	770	1575	818	1620	868	1663	920	1704	976	1739	1037	1763	1100	1783	1165	1787
ery_m0001.tif	C. erythrocnemis	m	495	1005	538	1048	592	1081	641	1122	682	1170	707	1228	727	1288	742	1350	755	1412	766	1475	785	1535	811	1593	843	1648	882	1698	926	1744	974	1786	1027	1821	1083	1850	1145	1863	1206	1853
ery_m0002.tif	C. erythrocnemis	m	461	877	487	931	526	976	567	1019	598	1071	621	1126	636	1183	648	1242	662	1300	678	1358	699	1414	723	1469	756	1519	795	1564	836	1608	882	1646	928	1684	978	1717	1030	1747	1088	1759
ery_m0003.tif	C. erythrocnemis	m	499	1012	548	1046	594	1083	638	1123	673	1170	694	1226	709	1283	718	1342	732	1399	747	1457	764	1514	791	1566	825	1615	865	1659	909	1698	958	1732	1011	1759	1065	1782	1121	1800	1176	1787
ery_m0004.tif	C. erythrocnemis	m	272	832	325	875	375	922	419	974	464	1026	501	1083	530	1145	548	1210	557	1278	576	1344	597	1409	627	1470	664	1528	710	1578	763	1621	821	1658	883	1687	944	1717	1008	1740	1075	1737
ery_m0005.tif	C. erythrocnemis	m	347	945	394	994	442	1042	487	1093	526	1149	558	1209	578	1274	597	1340	613	1406	630	1472	652	1537	677	1600	716	1656	763	1706	811	1754	862	1799	922	1831	987	1855	1053	1870	1120	1875
gen_f0001.tif	C. geniculata	f	448	881	488	934	533	983	582	1027	624	1078	652	1138	672	1201	688	1266	701	1331	716	1396	740	1457	775	1514	811	1569	858	1617	909	1659	961	1699	1019	1731	1076	1764	1140	1781	1206	1787
gen_f0002.tif	C. geniculata	f	341	765	385	823	443	869	499	917	547	973	583	1038	609	1106	621	1179	636	1251	654	1323	679	1392	716	1456	751	1520	801	1575	854	1625	913	1670	975	1709	1040	1745	1107	1775	1180	1780
gen_f0003.tif	C. geniculata	f	322	737	358	803	410	860	461	917	507	978	546	1044	565	1118	578	1194	590	1270	607	1344	625	1419	651	1491	685	1560	729	1622	781	1679	839	1729	901	1773	968	1810	1040	1834	1116	1830
gen_f0004.tif	C. geniculata	f	242	680	284	745	341	798	395	854	439	918	473	988	499	1062	516	1138	528	1215	541	1291	562	1366	594	1437	634	1504	681	1566	735	1623	791	1676	854	1722	919	1766	984	1808	1060	1817
gen_f0005.tif	C. geniculata	f	328	697	372	757	419	815	463	876	505	937	542	1002	558	1075	575	1148	592	1221	607	1294	629	1365	666	1430	698	1497	744	1556	797	1609	857	1654	919	1695	983	1733	1051	1763	1125	1767
gen_m0001.tif	C. geniculata	m	444	877	487	925	533	971	581	1013	617	1067	648	1123	669	1184	688	1246	705	1308	722	1371	744	1432	772	1489	805	1545	842	1598	886	1645	934	1688	986	1727	1037	1767	1085	1809	1146	1823
gen_m0002.tif	C. geniculata	m	403	853	440	909	498	945	544	996	588	1049	617	1111	634	1177	648	1245	660	1312	674	1380	690	1447	710	1512	741	1574	780	1630	827	1681	881	1724	938	1762	1000	1791	1065	1811	1133	1806
gen_m0003.tif	C. geniculata	m	499	703	547	748	599	791	639	845	665	907	679	972	692	1038	705	1104	719	1169	729	1236	750	1300	778	1361	809	1420	846	1476	890	1526	938	1573	991	1615	1049	1649	1109	1677	1176	1678
gen_m0004.tif	C. geniculata	m	405	885	455	932	512	968	567	1009	614	1059	646	1119	659	1186	674	1252	687	1319	706	1385	728	1450	753	1513	790	1571	831	1626	875	1678	924	1726	982	1761	1044	1791	1108	1812	1176	1810
gen_m0005.tif	C. geniculata	m	431	864	475	915	532	952	576	1003	610	1062	628	1128	643	1194	664	1260	682	1325	707	1389	732	1452	763	1513	802	1568	838	1626	888	1673	938	1718	993	1758	1049	1797	1112	1822	1180	1825
gra_f0001.tif	C. gravis	f	454	740	492	798	542	847	583	904	629	957	661	1019	683	1085	698	1153	712	1222	728	1290	751	1356	778	1421	811	1483	853	1539	898	1593	948	1642	998	1691	1058	1726	1124	1751	1193	1752
gra_f0002.tif	C. gravis	f	337	795	390	843	451	879	501	930	543	988	572	1053	586	1123	594	1194	602	1265	619	1335	636	1405	664	1470	703	1530	744	1588	790	1643	841	1694	896	1740	956	1778	1021	1808	1090	1823
gra_f0003.tif	C. gravis	f	499	726	546	779	605	819	660	864	704	921	733	985	746	1055	755	1127	764	1197	775	1268	795	1337	821	1404	852	1468	891	1528	935	1584	984	1636	1038	1683	1096	1725	1159	1758	1227	1782
gra_f0004.tif	C. gravis	f	469	776	514	830	565	878	607	935	641	997	664	1063	672	1133	682	1203	693	1273	708	1342	732	1408	763	1472	797	1533	837	1591	885	1643	935	1693	993	1732	1056	1764	1123	1785	1193	1795
gra_f0005.tif	C. gravis	f	311	782	360	830	418	867	476	905	519	958	542	1023	562	1089	578	1156	596	1223	615	1290	636	1355	664	1419	695	1480	732	1539	774	1594	819	1646	872	1691	931	1727	990	1762	1056	1782
gra_m0001.tif	C. gravis	m	435	735	477	785	531	821	578	866	616	918	643	977	657	1040	667	1105	678	1169	689	1233	702	1297	721	1359	750	1417	783	1473	827	1521	874	1566	921	1611	977	1643	1035	1673	1099	1680
gra_m0002.tif	C. gravis	m	395	611	435	671	485	723	537	775	582	831	605	899	621	970	636	1041	647	1112	659	1184	675	1254	702	1321	734	1386	778	1443	825	1499	876	1551	929	1600	989	1639	1055	1670	1125	1686
gra_m0003.tif	C. gravis	m	465	585	518	628	571	671	619	720	656	777	682	840	692	907	701	975	713	1042	729	1109	750	1174	777	1236	806	1298	843	1355	888	1407	936	1456	987	1501	1046	1536	1107	1567	1172	1583
gra_m0004.tif	C. gravis	m	367	705	419	753	473	799	524	848	559	910	581	977	590	1048	603	1118	622	1187	642	1255	667	1321	696	1386	734	1446	779	1501	827	1554	880	1601	938	1642	1001	1674	1069	1695	1138	1686
image0006.tif	????	e	444	913	496	949	543	991	583	1040	619	1092	645	1148	657	1210	668	1272	677	1335	687	1397	702	1458	719	1519	749	1574	787	1625	826	1674	869	1720	915	1763	961	1807	1014	1840	1075	1849
ima_f0001.tif	C. immaculata	f	431	934	468	985	515	1027	560	1070	601	1119	634	1172	657	1230	682	1288	702	1348	721	1408	739	1468	762	1527	795	1581	834	1630	878	1675	928	1713	980	1749	1036	1776	1096	1794	1155	1780
ima_f0002.tif	C. immaculata	f	397	1061	445	1100	492	1142	531	1191	568	1241	598	1295	618	1354	635	1414	651	1475	671	1534	694	1592	724	1647	760	1698	802	1743	853	1779	905	1813	959	1845	1017	1868	1077	1885	1138	1883
ima_f0003.tif	C. immaculata	f	538	928	585	969	632	1010	675	1056	713	1106	746	1159	770	1217	784	1278	796	1340	813	1400	834	1459	851	1520	881	1574	919	1624	963	1668	1016	1703	1071	1732	1126	1764	1185	1783	1247	1789
ima_f0004.tif	C. immaculata	f	521	994	552	1044	593	1086	625	1137	652	1190	679	1243	698	1299	717	1356	734	1413	750	1471	771	1527	800	1579	836	1626	876	1671	918	1712	963	1752	1012	1785	1064	1814	1122	1829	1180	1821
ima_f0005.tif	C. immaculata	f	476	990	514	1038	565	1073	606	1119	640	1171	666	1228	688	1286	705	1346	724	1406	744	1465	762	1524	787	1581	817	1635	857	1683	902	1726	952	1764	1003	1799	1054	1835	1111	1858	1172	1851
ima_m0001.tif	C. immaculata	m	699	992	732	1034	776	1066	808	1110	836	1156	859	1206	879	1257	895	1309	909	1362	924	1414	946	1464	975	1510	1008	1554	1044	1595	1082	1633	1123	1669	1169	1699	1212	1733	1264	1744	1309	1718
ima_m0002.tif	C. immaculata	m	538	934	559	987	602	1025	640	1067	674	1113	703	1162	725	1215	738	1271	750	1327	764	1382	782	1436	806	1488	838	1535	873	1581	912	1623	954	1661	1002	1692	1053	1718	1107	1737	1163	1733
ima_m0003.tif	C. immaculata	m	557	971	596	1007	640	1037	680	1074	709	1119	730	1169	747	1221	763	1273	777	1325	791	1377	807	1429	833	1477	862	1523	896	1565	936	1601	978	1636	1021	1669	1067	1698	1117	1720	1170	1725
ima_m0004.tif	C. immaculata	m	510	1024	543	1065	586	1097	616	1142	640	1190	657	1241	673	1292	690	1344	705	1396	721	1447	739	1498	764	1546	792	1591	825	1634	864	1672	906	1705	953	1732	1003	1752	1055	1763	1108	1755
ima_m0005.tif	C. immaculata	m	647	986	683	1028	725	1066	761	1109	791	1157	814	1208	833	1262	850	1316	867	1369	886	1422	909	1474	934	1525	964	1572	1001	1615	1041	1654	1086	1689	1129	1725	1180	1750	1233	1767	1287	1755
imp_f0001.tif	C. impicticornis	f	504	793	544	837	594	871	634	916	667	966	693	1020	714	1077	730	1135	746	1193	762	1251	779	1309	806	1363	841	1412	880	1458	926	1497	974	1533	1022	1569	1073	1601	1130	1621	1180	1624
imp_f0002.tif	C. impicticornis	f	384	969	431	1002	479	1031	524	1066	559	1111	585	1162	602	1216	617	1271	628	1327	645	1381	662	1436	685	1488	714	1537	748	1582	788	1623	833	1658	881	1690	931	1716	984	1738	1039	1746
imp_f0003.tif	C. impicticornis	f	469	821	507	867	551	907	598	945	631	995	653	1050	671	1107	681	1166	687	1225	697	1284	714	1342	737	1396	769	1447	807	1493	851	1533	900	1568	949	1601	1001	1632	1054	1658	1112	1671
imp_f0004.tif	C. impicticornis	f	390	920	439	958	488	994	528	1042	565	1092	600	1144	625	1201	644	1260	656	1321	668	1383	687	1442	713	1499	746	1552	786	1600	831	1643	879	1683	930	1718	982	1753	1038	1780	1099	1787
imp_f0005.tif	C. impicticornis	f	414	1001	456	1044	504	1080	550	1119	589	1164	616	1218	628	1277	640	1336	652	1395	669	1452	695	1506	722	1560	758	1608	799	1652	846	1689	898	1719	948	1753	1001	1781	1058	1796	1118	1793
imp_m0001.tif	C. impicticornis	m	532	1044	570	1089	614	1129	657	1170	692	1218	720	1270	741	1325	758	1382	772	1440	787	1497	811	1551	842	1602	879	1648	922	1689	968	1726	1020	1756	1072	1783	1126	1809	1183	1819	1242	1812
imp_m0002.tif	C. impicticornis	m	636	855	665	898	706	931	742	968	769	1013	790	1060	807	1110	823	1160	834	1211	850	1260	867	1310	890	1357	920	1399	955	1438	993	1474	1034	1507	1075	1539	1120	1565	1168	1585	1219	1596
imp_m0003.tif	C. impicticornis	m	604	857	643	900	685	939	719	986	748	1036	774	1088	794	1143	814	1197	829	1253	846	1309	870	1361	897	1412	933	1458	975	1498	1022	1532	1070	1564	1119	1595	1168	1626	1220	1648	1277	1643
imp_m0004.tif	C. impicticornis	m	559	1016	587	1058	623	1093	655	1132	684	1173	709	1217	729	1263	743	1312	754	1361	771	1408	789	1455	811	1501	839	1542	873	1580	907	1617	944	1651	987	1677	1031	1701	1079	1717	1129	1722
imp_m0005.tif	C. impicticornis	m	628	982	674	1014	721	1044	761	1083	792	1129	818	1179	836	1232	849	1287	862	1342	876	1396	895	1449	921	1498	953	1544	992	1585	1033	1623	1079	1656	1124	1688	1172	1717	1225	1735	1281	1731
nig_f0001.tif	C. nigritarsis	f	397	902	448	946	500	988	548	1036	583	1093	607	1157	621	1223	629	1290	643	1356	660	1422	680	1487	706	1549	741	1607	782	1661	828	1711	879	1756	932	1797	985	1838	1051	1853	1118	1851
nig_f0002.tif	C. nigritarsis	f	472	650	529	694	588	735	639	785	667	851	682	921	694	992	700	1064	701	1136	705	1208	710	1280	729	1349	752	1417	780	1483	819	1544	865	1600	914	1652	969	1699	1030	1736	1101	1744
nig_f0003.tif	C. nigritarsis	f	559	1005	613	1033	666	1064	702	1113	731	1167	757	1223	772	1282	782	1342	795	1402	810	1462	827	1521	854	1576	881	1631	916	1681	958	1726	1004	1767	1050	1807	1100	1843	1154	1870	1215	1870
nig_m0002.tif	C. nigritarsis	m	461	722	507	773	560	816	613	860	657	913	686	975	705	1041	713	1109	722	1177	732	1245	745	1313	765	1378	791	1442	828	1500	871	1554	923	1599	978	1640	1038	1673	1098	1706	1161	1733
nig_m0003.tif	C. nigritarsis	m	521	710	568	761	619	806	664	858	698	918	722	982	737	1050	748	1118	757	1186	769	1254	787	1320	811	1385	841	1447	877	1506	917	1562	966	1610	1020	1653	1076	1694	1139	1722	1206	1722
obs_f0001.tif	C. obstinata	f	405	982	443	1036	490	1082	528	1136	564	1191	592	1251	616	1313	633	1377	655	1439	679	1501	707	1561	738	1619	776	1673	824	1719	875	1761	934	1792	993	1821	1054	1846	1117	1865	1180	1857
obs_f0002.tif	C. obstinata	f	750	1016	788	1062	838	1096	882	1137	916	1186	941	1241	962	1298	977	1356	996	1413	1013	1471	1033	1528	1058	1583	1092	1632	1134	1676	1179	1715	1225	1755	1277	1785	1330	1812	1387	1833	1446	1842
obs_f0003.tif	C. obstinata	f	412	1031	451	1078	498	1117	546	1156	588	1200	618	1253	643	1309	661	1368	686	1424	713	1479	743	1532	780	1581	819	1628	861	1673	908	1713	959	1747	1010	1780	1066	1806	1123	1828	1183	1827
obs_f0004.tif	C. obstinata	f	422	1022	453	1072	489	1119	524	1166	552	1218	576	1272	596	1327	614	1383	633	1439	652	1495	676	1549	704	1600	742	1645	787	1682	833	1720	883	1750	935	1779	988	1803	1042	1827	1099	1836
obs_f0005.tif	C. obstinata	f	534	962	560	1017	603	1058	648	1098	690	1141	717	1195	739	1252	760	1308	780	1365	804	1421	829	1476	864	1526	901	1573	941	1619	986	1659	1033	1698	1082	1732	1136	1759	1193	1780	1253	1787
obs_m0001.tif	C. obstinata	m	555	969	592	1010	636	1044	677	1082	710	1128	732	1180	753	1232	771	1285	787	1338	805	1392	829	1442	856	1491	890	1536	930	1575	975	1609	1023	1636	1076	1655	1130	1671	1185	1683	1240	1688
obs_m0002.tif	C. obstinata	m	493	939	527	984	564	1026	594	1074	618	1125	639	1177	655	1231	669	1286	684	1340	703	1393	726	1444	756	1492	787	1539	824	1582	866	1620	910	1655	957	1686	1003	1718	1055	1738	1110	1735
obs_m0003.tif	C. obstinata	m	373	939	403	991	455	1022	505	1056	546	1100	575	1153	595	1210	611	1268	626	1327	642	1385	665	1441	695	1493	735	1538	778	1582	827	1616	879	1647	932	1676	987	1703	1044	1720	1105	1720
obs_m0004.tif	C. obstinata	m	684	875	711	925	753	963	794	1002	832	1045	861	1093	882	1146	898	1200	913	1255	930	1309	949	1363	972	1415	1004	1462	1039	1506	1081	1546	1125	1581	1175	1609	1223	1638	1275	1662	1330	1675
obs_m0005.tif	C. obstinata	m	499	986	537	1023	586	1046	626	1082	660	1123	690	1168	711	1217	725	1269	735	1322	751	1373	770	1424	792	1473	821	1518	854	1561	892	1598	933	1633	979	1661	1027	1685	1078	1703	1131	1708
pen_f0001.tif	C. pengue	f	463	1007	488	1065	529	1115	570	1164	611	1214	640	1271	659	1333	668	1396	674	1460	682	1524	700	1585	732	1641	771	1692	819	1735	868	1776	918	1817	974	1848	1035	1869	1097	1885	1161	1885
pen_f0002.tif	C. pengue	f	529	997	557	1048	604	1084	644	1127	679	1175	708	1227	733	1281	750	1337	769	1394	790	1449	818	1501	854	1548	893	1593	935	1635	981	1671	1031	1703	1085	1728	1141	1749	1197	1769	1255	1778
pen_f0003.tif	C. pengue	f	339	973	368	1026	413	1067	456	1110	496	1156	528	1208	552	1264	573	1321	592	1379	603	1439	621	1497	650	1550	687	1598	725	1646	770	1687	821	1720	871	1756	924	1786	980	1808	1039	1800
pen_f0004.tif	C. pengue	f	480	1052	506	1101	547	1141	587	1181	619	1227	643	1279	662	1332	675	1387	693	1441	712	1494	736	1545	763	1594	798	1639	837	1680	878	1720	921	1755	968	1786	1013	1821	1062	1850	1116	1855
pen_f0005.tif	C. pengue	f	467	999	495	1046	537	1083	580	1117	625	1149	655	1196	672	1248	683	1302	694	1357	710	1410	731	1461	757	1509	794	1551	833	1590	875	1626	921	1657	968	1688	1013	1719	1061	1746	1116	1752
pen_m0001.tif	C. pengue	m	422	1046	469	1080	518	1112	565	1145	608	1183	636	1234	661	1287	680	1341	699	1396	718	1451	744	1503	775	1552	810	1598	852	1638	900	1672	949	1702	1000	1731	1051	1757	1104	1781	1161	1791
pen_m0002.tif	C. pengue	m	422	984	455	1029	502	1063	546	1099	585	1141	617	1188	640	1240	661	1293	682	1346	702	1400	727	1452	757	1500	797	1541	840	1579	886	1612	934	1643	984	1670	1035	1696	1086	1722	1142	1729
pen_m0003.tif	C. pengue	m	562	847	594	892	635	929	677	964	717	1001	750	1045	770	1096	786	1149	803	1201	822	1253	847	1302	875	1350	908	1393	948	1432	988	1469	1034	1500	1082	1526	1132	1551	1183	1572	1236	1568
pen_m0004.tif	C. pengue	m	362	969	394	1015	435	1053	476	1091	515	1131	542	1180	561	1232	574	1286	596	1338	615	1391	639	1442	670	1488	708	1529	750	1566	797	1596	846	1625	893	1655	939	1686	991	1709	1045	1712
pen_m0005.tif	C. pengue	m	619	885	656	923	696	956	737	989	764	1034	786	1082	804	1132	819	1182	829	1234	845	1284	866	1333	893	1378	925	1419	964	1455	1003	1491	1046	1521	1091	1548	1137	1574	1187	1591	1238	1585
rid_f0001.tif	C. rideri	f	454	810	502	855	557	895	603	944	642	999	675	1059	698	1122	712	1188	726	1255	736	1322	754	1387	780	1449	818	1505	864	1555	914	1601	969	1639	1026	1676	1085	1709	1148	1733	1215	1727
rid_f0002.tif	C. rideri	f	416	911	453	962	505	997	550	1041	593	1088	623	1143	645	1202	668	1261	687	1322	703	1383	726	1442	756	1497	794	1548	838	1593	886	1635	936	1673	990	1707	1044	1740	1103	1764	1165	1765
rid_f0003.tif	C. rideri	f	435	920	488	959	544	994	591	1040	635	1090	668	1148	693	1209	711	1273	724	1338	748	1400	771	1462	798	1523	835	1578	879	1628	926	1675	975	1718	1031	1754	1092	1778	1156	1797	1221	1797
rid_f0004.tif	C. rideri	f	324	847	376	891	436	922	483	971	520	1028	556	1085	581	1148	599	1214	615	1280	640	1343	662	1408	692	1469	732	1524	775	1576	822	1625	874	1669	928	1711	986	1746	1050	1770	1116	1778
rid_f0005.tif	C. rideri	f	332	870	376	922	430	963	482	1008	521	1064	551	1125	576	1189	596	1254	615	1319	634	1385	657	1450	684	1512	722	1569	764	1623	813	1670	869	1710	927	1745	989	1773	1054	1796	1120	1804
rid_m0001.tif	C. rideri	m	474	827	520	874	572	913	623	956	668	1004	700	1061	725	1123	748	1185	765	1249	783	1313	806	1374	833	1435	864	1493	906	1544	953	1591	1001	1637	1055	1674	1112	1708	1172	1735	1236	1742
rid_m0002.tif	C. rideri	m	392	1016	438	1059	495	1089	545	1128	585	1179	610	1238	634	1297	654	1358	674	1419	689	1482	709	1543	735	1601	770	1655	811	1704	857	1750	910	1785	967	1815	1027	1837	1089	1855	1153	1855
rid_m0003.tif	C. rideri	m	512	958	551	1003	598	1039	634	1086	664	1137	698	1185	720	1241	741	1297	759	1354	775	1411	795	1467	818	1522	848	1573	887	1618	932	1657	980	1692	1029	1727	1079	1759	1131	1788	1189	1795
rid_m0004.tif	C. rideri	m	469	900	517	931	570	953	617	986	649	1033	680	1082	697	1138	712	1193	728	1249	743	1305	759	1360	780	1414	809	1464	844	1510	884	1552	928	1590	974	1624	1023	1656	1073	1683	1129	1697
rid_m0005.tif	C. rideri	m	594	1037	640	1072	692	1100	738	1135	775	1180	797	1234	815	1290	835	1345	853	1401	867	1458	890	1511	919	1562	951	1611	987	1657	1026	1701	1068	1743	1112	1781	1161	1813	1217	1830	1275	1827
run_f0001.tif	C. runaspis	f	384	770	434	819	483	870	523	930	558	992	582	1059	601	1129	618	1198	635	1268	658	1336	679	1404	708	1470	747	1530	792	1586	840	1639	892	1688	952	1727	1016	1758	1084	1781	1155	1782
run_f0002.tif	C. runaspis	f	341	855	398	897	460	931	506	986	537	1049	565	1115	585	1184	598	1254	612	1324	629	1394	649	1462	685	1524	720	1586	761	1645	809	1698	864	1743	921	1786	985	1817	1054	1836	1125	1836
run_f0003.tif	C. runaspis	f	465	860	516	903	566	949	611	1000	647	1057	674	1119	693	1185	710	1251	725	1317	740	1383	762	1447	786	1511	820	1570	862	1623	908	1673	959	1719	1017	1753	1078	1783	1142	1803	1210	1802
run_f0004.tif	C. runaspis	f	491	645	536	693	585	736	627	786	658	843	678	906	696	969	706	1033	718	1098	729	1162	753	1223	785	1280	827	1331	873	1378	921	1421	972	1463	1025	1501	1082	1533	1142	1559	1206	1568
run_f0005.tif	C. runaspis	f	420	763	473	804	526	844	558	902	593	959	617	1022	637	1086	652	1152	667	1217	683	1282	701	1347	729	1408	769	1462	811	1514	858	1563	909	1606	967	1641	1028	1667	1093	1682	1159	1675
run_m0001.tif	C. runaspis	m	409	710	458	757	504	808	544	863	577	922	599	986	621	1051	642	1116	658	1182	677	1247	695	1313	721	1376	753	1436	797	1488	848	1534	902	1575	957	1615	1017	1646	1079	1674	1146	1686
run_m0002.tif	C. runaspis	m	427	836	466	884	516	925	554	978	586	1034	609	1094	627	1156	636	1221	646	1285	659	1348	677	1410	703	1470	733	1527	768	1581	810	1631	859	1674	908	1716	958	1757	1016	1785	1080	1793
run_m0003.tif	C. runaspis	m	390	785	450	816	507	852	552	902	587	959	603	1024	611	1091	620	1158	636	1223	658	1287	685	1349	710	1411	746	1468	785	1523	827	1575	874	1624	930	1662	985	1700	1047	1727	1112	1727
run_m0005.tif	C. runaspis	m	435	887	473	931	520	967	566	1003	602	1050	631	1102	658	1155	681	1209	704	1264	722	1320	747	1374	776	1425	811	1473	849	1518	891	1561	932	1603	973	1645	1021	1680	1075	1703	1133	1703
seb_f0001.tif	C. sebastiaoi	f	307	778	349	831	397	879	441	932	469	994	488	1059	504	1126	518	1193	534	1259	553	1324	574	1389	609	1448	652	1501	701	1548	750	1596	806	1635	860	1675	922	1704	986	1727	1054	1722
seb_f0002.tif	C. sebastiaoi	f	309	840	348	892	398	935	442	985	475	1042	497	1105	515	1168	531	1233	549	1297	569	1359	593	1422	626	1479	665	1533	705	1585	753	1630	807	1668	858	1711	917	1742	978	1767	1043	1774
seb_f0003.tif	C. sebastiaoi	f	380	808	430	858	479	909	525	962	562	1022	590	1087	607	1156	625	1224	638	1293	657	1361	675	1429	706	1492	747	1550	793	1604	846	1650	900	1694	961	1730	1027	1756	1095	1773	1163	1761
seb_f0004.tif	C. sebastiaoi	f	354	917	401	966	459	1002	514	1040	552	1097	582	1158	601	1224	614	1291	616	1359	630	1426	649	1492	672	1556	710	1613	752	1667	799	1716	855	1756	912	1793	973	1823	1038	1847	1105	1853
seb_m0001.tif	C. sebastiaoi	m	497	909	536	959	584	1002	627	1051	665	1103	693	1161	705	1225	716	1289	731	1352	745	1415	761	1478	791	1535	829	1588	872	1637	919	1682	966	1727	1013	1772	1068	1805	1130	1822	1195	1827
seb_m0002.tif	C. sebastiaoi	m	519	842	567	889	620	932	663	984	701	1040	740	1095	763	1159	780	1225	795	1290	816	1355	843	1417	878	1475	920	1528	965	1579	1015	1625	1070	1665	1128	1698	1192	1721	1258	1736	1324	1735
seb_m0003.tif	C. sebastiaoi	m	482	806	525	852	572	896	619	939	651	994	674	1053	692	1114	700	1177	714	1240	731	1301	748	1363	773	1422	806	1476	846	1526	888	1574	937	1614	988	1653	1045	1682	1105	1704	1168	1710
seb_m0004.tif	C. sebastiaoi	m	474	840	516	890	571	925	614	975	645	1033	668	1095	683	1159	694	1224	705	1289	719	1353	740	1415	770	1474	806	1529	849	1579	897	1624	948	1666	1003	1702	1063	1729	1125	1749	1191	1748
van_f0001.tif	C. vanduzeei	f	523	729	568	777	618	820	662	870	687	931	704	995	717	1061	726	1126	739	1192	752	1257	772	1320	795	1383	823	1442	865	1493	908	1544	958	1587	1011	1628	1067	1664	1127	1691	1191	1710
van_f0002.tif	C. vanduzeei	f	457	746	505	799	560	845	604	902	634	966	656	1035	674	1105	688	1175	703	1245	718	1315	739	1384	766	1451	800	1514	847	1568	899	1618	953	1664	1012	1706	1074	1742	1143	1764	1212	1774
van_f0003.tif	C. vanduzeei	f	439	761	485	810	549	834	593	885	626	944	649	1008	664	1074	677	1141	688	1208	699	1275	717	1340	743	1403	781	1458	827	1508	877	1554	930	1597	983	1640	1041	1673	1105	1695	1172	1703
van_f0004.tif	C. vanduzeei	f	596	795	647	833	703	864	745	911	778	966	805	1024	817	1086	823	1150	833	1213	842	1277	851	1340	867	1402	892	1460	926	1515	967	1564	1012	1609	1063	1648	1117	1682	1175	1708	1236	1725
van_m0001.tif	C. vanduzeei	m	452	774	488	828	538	870	574	924	600	984	621	1046	633	1110	642	1174	648	1239	660	1303	679	1366	705	1425	742	1479	786	1527	834	1571	888	1607	944	1641	999	1675	1053	1712	1112	1737
van_m0002.tif	C. vanduzeei	m	506	678	549	726	598	768	639	818	666	876	685	938	702	1001	711	1065	718	1129	727	1193	746	1255	772	1314	806	1369	846	1420	889	1468	938	1510	991	1547	1047	1578	1107	1603	1170	1613
van_m0003.tif	C. vanduzeei	m	465	825	506	872	559	909	599	960	630	1016	645	1078	659	1141	673	1204	685	1268	703	1329	725	1390	751	1449	783	1505	820	1557	863	1606	911	1649	964	1685	1022	1713	1079	1744	1140	1761
van_m0004.tif	C. vanduzeei	m	482	845	518	893	574	922	613	969	635	1028	651	1089	664	1150	676	1212	689	1273	704	1334	719	1395	743	1453	771	1508	811	1557	856	1601	902	1643	949	1685	999	1721	1058	1744	1120	1750
van_m0005.tif	C. vanduzeei	m	495	540	542	585	591	630	633	682	662	741	687	802	699	868	713	933	720	999	733	1064	752	1128	774	1191	801	1251	841	1304	883	1356	935	1396	990	1434	1048	1467	1108	1495	1172	1504
