Id	Especies	sexo	RawCoord1	RawCoord2	RawCoord3	RawCoord4	RawCoord5	RawCoord6	RawCoord7	RawCoord8	RawCoord9	RawCoord10	RawCoord11	RawCoord12	RawCoord13	RawCoord14	RawCoord15	RawCoord16	RawCoord17	RawCoord18	RawCoord19	RawCoord20	RawCoord21	RawCoord22	RawCoord23	RawCoord24	RawCoord25	RawCoord26	RawCoord27	RawCoord28	RawCoord29	RawCoord30	RawCoord31	RawCoord32	RawCoord33	RawCoord34	RawCoord35	RawCoord36	RawCoord37	RawCoord38	RawCoord39	RawCoord40	RawCoord41	RawCoord42	RawCoord43	RawCoord44	RawCoord45	RawCoord46	RawCoord47	RawCoord48	RawCoord49	RawCoord50	RawCoord51	RawCoord52	RawCoord53	RawCoord54	RawCoord55	RawCoord56	RawCoord57	RawCoord58	RawCoord59	RawCoord60	RawCoord61	RawCoord62	RawCoord63	RawCoord64	RawCoord65	RawCoord66	RawCoord67	RawCoord68	RawCoord69	RawCoord70	RawCoord71	RawCoord72	RawCoord73	RawCoord74	RawCoord75	RawCoord76	RawCoord77	RawCoord78	RawCoord79	RawCoord80
0	C. erythrocnemis	f	1334.0	112.0	1277.0	130.0	1235.0	172.0	1202.0	222.0	1176.0	276.0	1158.0	333.0	1147.0	392.0	1129.0	449.0	1119.0	508.0	1107.0	567.0	1093.0	625.0	1069.0	679.0	1042.0	733.0	1017.0	787.0	986.0	838.0	955.0	889.0	924.0	941.0	897.0	994.0	871.0	1048.0	845.0	1102.0	819.0	1156.0	796.0	1211.0	774.0	1267.0	752.0	1322.0	733.0	1379.0	718.0	1437.0	706.0	1495.0	694.0	1554.0	698.0	1613.0	737.0	1649.0	796.0	1656.0	855.0	1658.0	915.0	1659.0	975.0	1661.0	1035.0	1662.0	1095.0	1662.0	1154.0	1666.0	1214.0	1666.0	1273.0	1661.0	1333.0	1660.0
1	C. erythrocnemis	f	1289.0	293.0	1242.0	306.0	1207.0	342.0	1183.0	384.0	1165.0	431.0	1147.0	477.0	1132.0	525.0	1119.0	573.0	1108.0	622.0	1096.0	670.0	1082.0	718.0	1060.0	763.0	1039.0	808.0	1014.0	851.0	988.0	894.0	964.0	937.0	941.0	981.0	912.0	1022.0	890.0	1067.0	869.0	1112.0	848.0	1157.0	827.0	1203.0	809.0	1249.0	791.0	1296.0	774.0	1343.0	757.0	1389.0	745.0	1438.0	738.0	1487.0	753.0	1534.0	795.0	1554.0	845.0	1559.0	894.0	1564.0	944.0	1567.0	993.0	1574.0	1043.0	1577.0	1093.0	1579.0	1143.0	1580.0	1193.0	1581.0	1243.0	1584.0	1285.0	1582.0
2	C. erythrocnemis	m	1328.0	330.0	1280.0	353.0	1243.0	391.0	1213.0	435.0	1190.0	483.0	1175.0	534.0	1162.0	586.0	1147.0	637.0	1132.0	688.0	1118.0	740.0	1100.0	790.0	1081.0	839.0	1056.0	886.0	1029.0	932.0	1003.0	979.0	978.0	1025.0	950.0	1071.0	922.0	1116.0	896.0	1162.0	869.0	1208.0	843.0	1254.0	816.0	1301.0	792.0	1348.0	773.0	1398.0	754.0	1447.0	741.0	1499.0	733.0	1551.0	731.0	1605.0	756.0	1651.0	799.0	1681.0	851.0	1689.0	904.0	1692.0	958.0	1693.0	1011.0	1695.0	1064.0	1697.0	1117.0	1697.0	1170.0	1697.0	1224.0	1697.0	1277.0	1697.0	1330.0	1697.0
3	C. erythrocnemis	f	1298.0	205.0	1244.0	223.0	1207.0	266.0	1181.0	317.0	1163.0	371.0	1146.0	426.0	1131.0	481.0	1113.0	535.0	1098.0	590.0	1084.0	645.0	1065.0	699.0	1039.0	749.0	1015.0	801.0	990.0	853.0	963.0	903.0	934.0	952.0	905.0	1001.0	876.0	1050.0	850.0	1101.0	825.0	1152.0	798.0	1203.0	777.0	1255.0	757.0	1309.0	737.0	1362.0	717.0	1416.0	699.0	1470.0	683.0	1524.0	670.0	1580.0	683.0	1631.0	730.0	1658.0	786.0	1666.0	843.0	1671.0	899.0	1677.0	956.0	1683.0	1013.0	1688.0	1070.0	1693.0	1127.0	1695.0	1184.0	1696.0	1241.0	1696.0	1298.0	1694.0
4	C. erythrocnemis	m	1076.0	325.0	1035.0	344.0	1002.0	376.0	980.0	416.0	967.0	460.0	957.0	504.0	943.0	548.0	929.0	591.0	918.0	636.0	907.0	680.0	896.0	725.0	882.0	768.0	862.0	809.0	838.0	848.0	815.0	888.0	792.0	927.0	766.0	965.0	740.0	1003.0	718.0	1043.0	701.0	1085.0	678.0	1124.0	656.0	1165.0	635.0	1205.0	619.0	1248.0	603.0	1291.0	588.0	1334.0	577.0	1378.0	568.0	1423.0	579.0	1466.0	619.0	1487.0	665.0	1491.0	710.0	1492.0	756.0	1496.0	802.0	1499.0	847.0	1503.0	893.0	1507.0	938.0	1508.0	984.0	1503.0	1029.0	1504.0	1075.0	1504.0
5	C. erythrocnemis	m	1172.0	504.0	1126.0	511.0	1090.0	539.0	1063.0	578.0	1043.0	619.0	1030.0	664.0	1018.0	709.0	1010.0	754.0	1000.0	799.0	989.0	845.0	977.0	889.0	960.0	932.0	940.0	974.0	918.0	1015.0	893.0	1054.0	867.0	1093.0	842.0	1131.0	817.0	1170.0	794.0	1211.0	770.0	1250.0	750.0	1292.0	732.0	1335.0	714.0	1377.0	694.0	1419.0	678.0	1462.0	662.0	1506.0	648.0	1550.0	647.0	1596.0	670.0	1634.0	710.0	1656.0	755.0	1662.0	801.0	1665.0	847.0	1670.0	893.0	1672.0	940.0	1675.0	986.0	1677.0	1032.0	1679.0	1079.0	1676.0	1125.0	1675.0	1171.0	1672.0
6	C. erythrocnemis	f	1144.0	428.0	1095.0	437.0	1063.0	474.0	1038.0	517.0	1021.0	564.0	1007.0	611.0	991.0	658.0	976.0	705.0	962.0	753.0	950.0	801.0	932.0	847.0	908.0	890.0	883.0	933.0	860.0	977.0	836.0	1021.0	813.0	1065.0	791.0	1109.0	769.0	1153.0	745.0	1197.0	721.0	1240.0	701.0	1285.0	683.0	1331.0	667.0	1378.0	650.0	1425.0	631.0	1470.0	612.0	1516.0	598.0	1564.0	594.0	1613.0	609.0	1658.0	648.0	1679.0	698.0	1683.0	747.0	1683.0	797.0	1685.0	846.0	1689.0	895.0	1692.0	945.0	1694.0	994.0	1694.0	1044.0	1692.0	1093.0	1690.0	1143.0	1691.0
8	C. erythrocnemis	m	1487.0	205.0	1438.0	229.0	1397.0	264.0	1368.0	310.0	1350.0	362.0	1335.0	414.0	1320.0	467.0	1305.0	519.0	1286.0	570.0	1268.0	621.0	1248.0	672.0	1232.0	724.0	1211.0	774.0	1182.0	820.0	1152.0	866.0	1125.0	913.0	1098.0	960.0	1070.0	1007.0	1044.0	1054.0	1018.0	1102.0	994.0	1151.0	972.0	1201.0	949.0	1250.0	929.0	1301.0	910.0	1352.0	893.0	1404.0	878.0	1456.0	865.0	1509.0	894.0	1551.0	943.0	1571.0	998.0	1575.0	1052.0	1579.0	1106.0	1582.0	1161.0	1579.0	1215.0	1581.0	1269.0	1583.0	1324.0	1584.0	1378.0	1583.0	1433.0	1585.0	1487.0	1585.0
9	C. erythrocnemis	f	1252.0	325.0	1204.0	344.0	1164.0	375.0	1135.0	417.0	1115.0	464.0	1102.0	513.0	1085.0	562.0	1067.0	609.0	1050.0	658.0	1036.0	707.0	1024.0	757.0	1008.0	805.0	989.0	852.0	963.0	896.0	938.0	941.0	914.0	986.0	892.0	1032.0	869.0	1078.0	847.0	1124.0	824.0	1170.0	803.0	1216.0	781.0	1263.0	759.0	1309.0	741.0	1357.0	725.0	1405.0	709.0	1454.0	696.0	1503.0	690.0	1554.0	703.0	1602.0	742.0	1630.0	792.0	1634.0	843.0	1633.0	894.0	1632.0	945.0	1633.0	996.0	1635.0	1048.0	1635.0	1099.0	1635.0	1150.0	1634.0	1201.0	1633.0	1252.0	1633.0
10	C. erythrocnemis	f	1310.0	353.0	1258.0	370.0	1215.0	404.0	1183.0	449.0	1163.0	500.0	1150.0	553.0	1140.0	607.0	1133.0	662.0	1127.0	717.0	1118.0	771.0	1098.0	822.0	1072.0	870.0	1045.0	918.0	1015.0	964.0	986.0	1010.0	959.0	1058.0	932.0	1106.0	904.0	1153.0	879.0	1202.0	852.0	1250.0	827.0	1299.0	803.0	1348.0	780.0	1398.0	758.0	1449.0	740.0	1500.0	723.0	1552.0	704.0	1604.0	692.0	1658.0	712.0	1704.0	761.0	1717.0	816.0	1719.0	871.0	1722.0	926.0	1722.0	981.0	1724.0	1036.0	1727.0	1090.0	1727.0	1145.0	1728.0	1200.0	1727.0	1255.0	1726.0	1310.0	1725.0
11	C. erythrocnemis	f	1351.0	231.0	1296.0	250.0	1252.0	286.0	1221.0	335.0	1200.0	389.0	1185.0	445.0	1168.0	500.0	1156.0	556.0	1141.0	612.0	1126.0	668.0	1108.0	722.0	1087.0	776.0	1063.0	829.0	1034.0	878.0	1005.0	928.0	972.0	975.0	938.0	1023.0	908.0	1072.0	881.0	1122.0	852.0	1172.0	824.0	1223.0	798.0	1274.0	774.0	1327.0	754.0	1381.0	734.0	1435.0	723.0	1492.0	708.0	1548.0	703.0	1605.0	723.0	1658.0	774.0	1679.0	831.0	1687.0	889.0	1692.0	946.0	1693.0	1004.0	1694.0	1062.0	1693.0	1119.0	1690.0	1177.0	1687.0	1235.0	1684.0	1292.0	1682.0	1350.0	1679.0
12	C. erythrocnemis	f	1048.0	274.0	996.0	295.0	958.0	336.0	927.0	383.0	905.0	435.0	893.0	490.0	881.0	545.0	868.0	600.0	853.0	654.0	842.0	709.0	826.0	763.0	797.0	811.0	767.0	859.0	741.0	909.0	713.0	957.0	686.0	1007.0	660.0	1057.0	634.0	1106.0	605.0	1155.0	575.0	1202.0	550.0	1252.0	525.0	1303.0	500.0	1353.0	480.0	1406.0	458.0	1458.0	441.0	1511.0	425.0	1565.0	415.0	1620.0	440.0	1664.0	488.0	1692.0	543.0	1701.0	599.0	1706.0	655.0	1712.0	711.0	1717.0	767.0	1720.0	823.0	1721.0	880.0	1722.0	936.0	1726.0	992.0	1726.0	1048.0	1723.0
13	C. erythrocnemis	f	1239.0	187.0	1182.0	204.0	1135.0	242.0	1106.0	295.0	1083.0	351.0	1064.0	409.0	1046.0	467.0	1027.0	525.0	1015.0	585.0	1003.0	645.0	986.0	703.0	962.0	759.0	934.0	813.0	904.0	866.0	872.0	918.0	839.0	969.0	808.0	1022.0	776.0	1074.0	748.0	1128.0	721.0	1182.0	691.0	1236.0	669.0	1293.0	647.0	1349.0	626.0	1407.0	604.0	1463.0	582.0	1520.0	563.0	1578.0	552.0	1638.0	572.0	1693.0	628.0	1708.0	688.0	1714.0	749.0	1714.0	810.0	1716.0	871.0	1715.0	932.0	1713.0	993.0	1712.0	1054.0	1712.0	1115.0	1711.0	1176.0	1713.0	1237.0	1714.0
14	C. erythrocnemis	f	1290.0	361.0	1239.0	375.0	1198.0	407.0	1166.0	450.0	1141.0	497.0	1125.0	548.0	1114.0	600.0	1098.0	651.0	1082.0	702.0	1070.0	753.0	1054.0	804.0	1033.0	853.0	1010.0	901.0	988.0	949.0	959.0	994.0	933.0	1041.0	909.0	1088.0	886.0	1137.0	863.0	1185.0	838.0	1232.0	815.0	1280.0	793.0	1329.0	773.0	1378.0	752.0	1428.0	732.0	1477.0	712.0	1526.0	695.0	1577.0	684.0	1629.0	709.0	1677.0	756.0	1697.0	809.0	1696.0	863.0	1696.0	916.0	1699.0	969.0	1705.0	1022.0	1710.0	1075.0	1709.0	1129.0	1707.0	1182.0	1707.0	1236.0	1707.0	1289.0	1705.0
15	C. erythrocnemis	f	1190.0	238.0	1133.0	258.0	1091.0	300.0	1059.0	352.0	1040.0	409.0	1028.0	468.0	1007.0	525.0	991.0	583.0	973.0	640.0	958.0	699.0	941.0	756.0	916.0	811.0	887.0	864.0	858.0	917.0	828.0	970.0	798.0	1022.0	768.0	1074.0	739.0	1127.0	709.0	1179.0	680.0	1232.0	652.0	1286.0	626.0	1340.0	599.0	1394.0	574.0	1449.0	554.0	1505.0	537.0	1563.0	523.0	1622.0	514.0	1681.0	536.0	1730.0	589.0	1755.0	649.0	1763.0	709.0	1766.0	769.0	1766.0	830.0	1768.0	890.0	1772.0	950.0	1774.0	1011.0	1773.0	1071.0	1769.0	1131.0	1764.0	1191.0	1762.0
16	C. erythrocnemis	f	1218.0	359.0	1165.0	375.0	1129.0	417.0	1102.0	465.0	1081.0	517.0	1067.0	570.0	1048.0	622.0	1031.0	675.0	1016.0	729.0	1000.0	782.0	978.0	832.0	953.0	882.0	925.0	930.0	896.0	977.0	867.0	1024.0	837.0	1071.0	808.0	1118.0	779.0	1166.0	749.0	1213.0	720.0	1260.0	692.0	1308.0	668.0	1358.0	644.0	1408.0	622.0	1458.0	604.0	1511.0	592.0	1565.0	585.0	1620.0	586.0	1675.0	611.0	1723.0	661.0	1741.0	716.0	1746.0	772.0	1749.0	827.0	1753.0	882.0	1755.0	938.0	1757.0	993.0	1755.0	1049.0	1755.0	1104.0	1753.0	1160.0	1751.0	1215.0	1750.0
17	C. erythrocnemis	m	1331.0	453.0	1282.0	472.0	1242.0	507.0	1217.0	553.0	1197.0	602.0	1177.0	651.0	1155.0	699.0	1141.0	750.0	1128.0	802.0	1111.0	852.0	1092.0	901.0	1062.0	944.0	1034.0	989.0	1005.0	1033.0	978.0	1078.0	950.0	1123.0	925.0	1170.0	899.0	1215.0	875.0	1263.0	853.0	1311.0	834.0	1360.0	815.0	1409.0	796.0	1458.0	778.0	1508.0	761.0	1558.0	746.0	1609.0	734.0	1660.0	735.0	1713.0	754.0	1762.0	800.0	1785.0	853.0	1790.0	906.0	1790.0	959.0	1791.0	1011.0	1792.0	1064.0	1791.0	1117.0	1787.0	1170.0	1784.0	1222.0	1785.0	1275.0	1784.0	1328.0	1783.0
18	C. erythrocnemis	f	1126.0	228.0	1074.0	240.0	1034.0	275.0	1009.0	322.0	991.0	372.0	978.0	424.0	965.0	476.0	948.0	526.0	934.0	578.0	923.0	630.0	908.0	681.0	884.0	729.0	858.0	775.0	832.0	821.0	805.0	868.0	779.0	914.0	752.0	960.0	727.0	1007.0	700.0	1053.0	674.0	1099.0	647.0	1146.0	622.0	1193.0	602.0	1242.0	586.0	1293.0	573.0	1344.0	562.0	1397.0	552.0	1449.0	549.0	1502.0	561.0	1553.0	596.0	1588.0	647.0	1600.0	700.0	1599.0	753.0	1602.0	806.0	1607.0	859.0	1611.0	913.0	1612.0	966.0	1612.0	1019.0	1612.0	1073.0	1612.0	1126.0	1611.0
19	C. erythrocnemis	m	1285.0	313.0	1241.0	326.0	1209.0	360.0	1181.0	397.0	1162.0	439.0	1147.0	483.0	1131.0	526.0	1115.0	570.0	1098.0	613.0	1092.0	659.0	1075.0	702.0	1056.0	744.0	1034.0	785.0	1011.0	825.0	990.0	866.0	970.0	908.0	949.0	949.0	924.0	988.0	902.0	1029.0	881.0	1070.0	857.0	1110.0	838.0	1152.0	819.0	1194.0	803.0	1238.0	786.0	1281.0	772.0	1325.0	760.0	1370.0	760.0	1416.0	780.0	1457.0	822.0	1476.0	868.0	1480.0	914.0	1481.0	960.0	1481.0	1007.0	1481.0	1053.0	1480.0	1099.0	1479.0	1145.0	1484.0	1191.0	1483.0	1238.0	1485.0	1284.0	1484.0
20	C. erythrocnemis	f	1273.0	219.0	1217.0	235.0	1174.0	273.0	1143.0	322.0	1120.0	376.0	1107.0	433.0	1093.0	489.0	1077.0	545.0	1059.0	601.0	1045.0	657.0	1028.0	713.0	1006.0	767.0	984.0	821.0	961.0	875.0	933.0	926.0	901.0	975.0	872.0	1026.0	841.0	1075.0	807.0	1123.0	774.0	1171.0	746.0	1222.0	718.0	1274.0	697.0	1328.0	676.0	1383.0	660.0	1439.0	645.0	1495.0	626.0	1550.0	618.0	1608.0	640.0	1662.0	692.0	1677.0	750.0	1686.0	808.0	1694.0	866.0	1699.0	924.0	1702.0	982.0	1703.0	1041.0	1702.0	1099.0	1702.0	1158.0	1702.0	1216.0	1698.0	1274.0	1693.0
21	C. erythrocnemis		1337.0	492.0	1295.0	511.0	1264.0	546.0	1236.0	583.0	1218.0	626.0	1206.0	671.0	1192.0	716.0	1180.0	761.0	1168.0	806.0	1153.0	850.0	1141.0	895.0	1127.0	940.0	1105.0	981.0	1084.0	1022.0	1061.0	1063.0	1038.0	1103.0	1012.0	1143.0	990.0	1183.0	970.0	1226.0	950.0	1268.0	931.0	1311.0	911.0	1353.0	890.0	1394.0	872.0	1438.0	857.0	1481.0	845.0	1527.0	836.0	1572.0	824.0	1617.0	833.0	1662.0	870.0	1689.0	916.0	1693.0	963.0	1691.0	1010.0	1695.0	1056.0	1698.0	1102.0	1703.0	1149.0	1708.0	1195.0	1712.0	1242.0	1715.0	1288.0	1719.0	1335.0	1720.0
22	C. erythrocnemis	f	1380.0	365.0	1327.0	380.0	1291.0	422.0	1261.0	469.0	1240.0	520.0	1226.0	574.0	1217.0	628.0	1204.0	682.0	1189.0	735.0	1174.0	789.0	1160.0	842.0	1144.0	895.0	1122.0	946.0	1096.0	994.0	1068.0	1043.0	1042.0	1091.0	1014.0	1139.0	984.0	1186.0	956.0	1233.0	929.0	1281.0	905.0	1332.0	881.0	1381.0	857.0	1431.0	835.0	1482.0	817.0	1534.0	799.0	1586.0	786.0	1640.0	775.0	1694.0	786.0	1747.0	828.0	1781.0	881.0	1796.0	936.0	1800.0	991.0	1801.0	1046.0	1799.0	1102.0	1802.0	1157.0	1804.0	1212.0	1801.0	1267.0	1801.0	1323.0	1799.0	1378.0	1796.0
23	C. erythrocnemis	f	1280.0	355.0	1230.0	376.0	1191.0	414.0	1161.0	460.0	1140.0	510.0	1126.0	563.0	1111.0	616.0	1098.0	669.0	1089.0	722.0	1075.0	775.0	1059.0	828.0	1042.0	879.0	1022.0	930.0	998.0	979.0	972.0	1027.0	944.0	1074.0	913.0	1119.0	886.0	1166.0	860.0	1215.0	834.0	1262.0	808.0	1311.0	786.0	1360.0	764.0	1410.0	741.0	1460.0	721.0	1511.0	707.0	1563.0	695.0	1617.0	688.0	1671.0	699.0	1723.0	737.0	1758.0	789.0	1768.0	843.0	1768.0	898.0	1769.0	952.0	1772.0	1007.0	1773.0	1062.0	1773.0	1116.0	1773.0	1171.0	1772.0	1225.0	1772.0	1280.0	1771.0
24	C. erythrocnemis	f	1331.0	298.0	1286.0	321.0	1250.0	355.0	1224.0	398.0	1208.0	446.0	1192.0	493.0	1177.0	541.0	1162.0	589.0	1148.0	637.0	1137.0	686.0	1123.0	734.0	1108.0	782.0	1090.0	829.0	1068.0	874.0	1045.0	919.0	1020.0	963.0	995.0	1006.0	970.0	1050.0	946.0	1094.0	923.0	1138.0	901.0	1183.0	882.0	1230.0	863.0	1276.0	842.0	1322.0	825.0	1369.0	811.0	1417.0	797.0	1465.0	788.0	1514.0	802.0	1560.0	840.0	1590.0	888.0	1601.0	938.0	1605.0	988.0	1609.0	1038.0	1612.0	1088.0	1612.0	1138.0	1608.0	1188.0	1604.0	1238.0	1600.0	1288.0	1597.0	1338.0	1600.0
25	C. geniculata	f	1089.0	208.0	1030.0	232.0	987.0	278.0	953.0	332.0	926.0	390.0	906.0	450.0	890.0	512.0	871.0	572.0	850.0	633.0	832.0	694.0	803.0	750.0	767.0	803.0	736.0	858.0	712.0	917.0	689.0	976.0	660.0	1033.0	632.0	1090.0	603.0	1147.0	572.0	1203.0	544.0	1260.0	513.0	1316.0	485.0	1373.0	461.0	1432.0	437.0	1491.0	415.0	1550.0	395.0	1611.0	378.0	1672.0	363.0	1734.0	391.0	1790.0	454.0	1800.0	517.0	1795.0	581.0	1789.0	644.0	1788.0	708.0	1788.0	772.0	1791.0	835.0	1792.0	899.0	1791.0	963.0	1791.0	1026.0	1790.0	1090.0	1786.0
26	C. geniculata	f	1227.0	249.0	1167.0	271.0	1116.0	310.0	1080.0	363.0	1057.0	423.0	1044.0	486.0	1033.0	549.0	1018.0	611.0	1001.0	673.0	987.0	735.0	971.0	798.0	951.0	859.0	924.0	916.0	893.0	973.0	863.0	1030.0	832.0	1085.0	797.0	1140.0	763.0	1193.0	728.0	1247.0	693.0	1301.0	661.0	1356.0	633.0	1414.0	607.0	1473.0	581.0	1531.0	557.0	1591.0	535.0	1651.0	516.0	1712.0	502.0	1775.0	530.0	1828.0	588.0	1852.0	651.0	1852.0	715.0	1854.0	779.0	1854.0	844.0	1852.0	908.0	1854.0	972.0	1857.0	1036.0	1857.0	1100.0	1855.0	1164.0	1854.0	1228.0	1854.0
27	C. geniculata	f	1141.0	157.0	1081.0	174.0	1030.0	208.0	993.0	257.0	975.0	316.0	967.0	378.0	962.0	439.0	957.0	501.0	952.0	563.0	939.0	623.0	925.0	684.0	900.0	740.0	867.0	792.0	832.0	844.0	801.0	897.0	768.0	949.0	732.0	1000.0	703.0	1054.0	671.0	1108.0	641.0	1161.0	614.0	1217.0	588.0	1273.0	563.0	1330.0	540.0	1387.0	520.0	1446.0	501.0	1505.0	481.0	1563.0	465.0	1623.0	482.0	1677.0	528.0	1717.0	585.0	1733.0	647.0	1736.0	709.0	1740.0	771.0	1743.0	833.0	1745.0	895.0	1747.0	956.0	1748.0	1018.0	1747.0	1080.0	1744.0	1142.0	1742.0
28	C. geniculata	f	1304.0	268.0	1247.0	283.0	1203.0	323.0	1170.0	373.0	1145.0	426.0	1123.0	481.0	1106.0	538.0	1090.0	595.0	1076.0	653.0	1064.0	711.0	1047.0	768.0	1024.0	822.0	997.0	875.0	969.0	928.0	940.0	980.0	908.0	1029.0	876.0	1079.0	847.0	1131.0	817.0	1182.0	786.0	1233.0	759.0	1286.0	734.0	1339.0	713.0	1395.0	693.0	1451.0	672.0	1506.0	652.0	1562.0	631.0	1618.0	623.0	1676.0	658.0	1723.0	711.0	1751.0	769.0	1759.0	829.0	1762.0	888.0	1765.0	947.0	1767.0	1006.0	1770.0	1066.0	1771.0	1125.0	1771.0	1184.0	1773.0	1244.0	1776.0	1303.0	1777.0
29	C. geniculata	f	1242.0	197.0	1182.0	218.0	1133.0	257.0	1097.0	309.0	1069.0	366.0	1049.0	426.0	1031.0	486.0	1017.0	548.0	1003.0	610.0	991.0	672.0	973.0	733.0	951.0	792.0	922.0	848.0	892.0	903.0	864.0	960.0	830.0	1014.0	798.0	1068.0	766.0	1123.0	735.0	1177.0	704.0	1233.0	674.0	1288.0	646.0	1345.0	619.0	1402.0	595.0	1461.0	573.0	1520.0	552.0	1579.0	531.0	1639.0	519.0	1698.0	553.0	1750.0	608.0	1775.0	671.0	1772.0	735.0	1774.0	798.0	1774.0	861.0	1772.0	924.0	1771.0	987.0	1771.0	1051.0	1772.0	1114.0	1776.0	1177.0	1778.0	1240.0	1776.0
30	C. geniculata	m	1146.0	454.0	1101.0	476.0	1066.0	511.0	1042.0	555.0	1022.0	600.0	1005.0	646.0	984.0	692.0	967.0	738.0	956.0	787.0	948.0	836.0	934.0	884.0	914.0	929.0	892.0	974.0	870.0	1018.0	845.0	1061.0	824.0	1106.0	798.0	1149.0	773.0	1192.0	749.0	1235.0	726.0	1279.0	704.0	1324.0	681.0	1368.0	659.0	1412.0	640.0	1458.0	624.0	1505.0	610.0	1553.0	599.0	1602.0	589.0	1650.0	604.0	1696.0	648.0	1715.0	697.0	1715.0	747.0	1713.0	797.0	1715.0	846.0	1716.0	896.0	1718.0	946.0	1720.0	995.0	1725.0	1045.0	1730.0	1094.0	1731.0	1144.0	1730.0
31	C. geniculata	f	1252.0	217.0	1195.0	235.0	1152.0	277.0	1125.0	329.0	1104.0	385.0	1093.0	444.0	1081.0	502.0	1070.0	561.0	1056.0	618.0	1038.0	675.0	1015.0	730.0	989.0	784.0	959.0	835.0	932.0	888.0	904.0	941.0	871.0	991.0	840.0	1041.0	813.0	1095.0	788.0	1149.0	763.0	1203.0	738.0	1257.0	714.0	1311.0	692.0	1367.0	670.0	1422.0	648.0	1477.0	629.0	1534.0	612.0	1591.0	596.0	1648.0	606.0	1700.0	656.0	1725.0	715.0	1732.0	774.0	1736.0	834.0	1736.0	894.0	1736.0	953.0	1737.0	1013.0	1739.0	1072.0	1740.0	1132.0	1739.0	1191.0	1738.0	1251.0	1737.0
32	C. geniculata	m	1304.0	419.0	1255.0	440.0	1220.0	481.0	1195.0	528.0	1177.0	579.0	1159.0	629.0	1143.0	680.0	1128.0	732.0	1118.0	784.0	1109.0	837.0	1090.0	887.0	1071.0	937.0	1041.0	981.0	1008.0	1024.0	981.0	1070.0	954.0	1116.0	925.0	1161.0	897.0	1207.0	870.0	1253.0	844.0	1300.0	822.0	1349.0	798.0	1397.0	777.0	1446.0	759.0	1497.0	745.0	1548.0	727.0	1599.0	707.0	1649.0	693.0	1700.0	719.0	1744.0	768.0	1758.0	822.0	1761.0	875.0	1763.0	929.0	1769.0	982.0	1772.0	1035.0	1775.0	1089.0	1779.0	1142.0	1781.0	1196.0	1780.0	1250.0	1778.0	1303.0	1774.0
33	C. geniculata	f	1201.0	223.0	1143.0	241.0	1097.0	281.0	1066.0	333.0	1047.0	391.0	1030.0	449.0	1013.0	507.0	997.0	566.0	981.0	624.0	972.0	684.0	962.0	744.0	951.0	804.0	924.0	858.0	890.0	909.0	857.0	959.0	822.0	1010.0	789.0	1060.0	760.0	1114.0	727.0	1165.0	696.0	1217.0	669.0	1271.0	642.0	1326.0	617.0	1381.0	592.0	1436.0	570.0	1493.0	553.0	1551.0	531.0	1608.0	512.0	1665.0	540.0	1712.0	595.0	1736.0	655.0	1743.0	715.0	1746.0	776.0	1749.0	837.0	1751.0	897.0	1756.0	958.0	1762.0	1018.0	1762.0	1079.0	1757.0	1140.0	1753.0	1200.0	1748.0
34	C. geniculata	f	1293.0	239.0	1236.0	260.0	1192.0	302.0	1164.0	355.0	1141.0	411.0	1126.0	470.0	1113.0	529.0	1098.0	588.0	1088.0	648.0	1070.0	705.0	1049.0	762.0	1025.0	818.0	998.0	872.0	970.0	926.0	941.0	979.0	914.0	1034.0	888.0	1088.0	858.0	1141.0	829.0	1194.0	803.0	1249.0	777.0	1303.0	754.0	1360.0	729.0	1415.0	705.0	1470.0	684.0	1527.0	664.0	1584.0	643.0	1641.0	632.0	1700.0	647.0	1756.0	691.0	1793.0	749.0	1809.0	810.0	1813.0	870.0	1812.0	931.0	1812.0	991.0	1815.0	1052.0	1818.0	1112.0	1820.0	1173.0	1820.0	1233.0	1819.0	1294.0	1816.0
35	C. geniculata	f	1195.0	163.0	1137.0	190.0	1092.0	237.0	1057.0	291.0	1033.0	351.0	1019.0	414.0	1000.0	475.0	982.0	537.0	965.0	599.0	945.0	661.0	925.0	722.0	896.0	780.0	864.0	836.0	833.0	892.0	801.0	948.0	769.0	1004.0	741.0	1062.0	704.0	1115.0	671.0	1170.0	640.0	1227.0	609.0	1283.0	582.0	1342.0	556.0	1401.0	533.0	1461.0	511.0	1522.0	494.0	1584.0	476.0	1646.0	454.0	1706.0	491.0	1757.0	551.0	1781.0	616.0	1780.0	680.0	1778.0	745.0	1781.0	809.0	1788.0	873.0	1795.0	937.0	1800.0	1002.0	1801.0	1066.0	1802.0	1131.0	1802.0	1195.0	1801.0
36	C. geniculata	f	1188.0	309.0	1131.0	324.0	1089.0	366.0	1060.0	418.0	1039.0	473.0	1021.0	530.0	1006.0	587.0	988.0	644.0	970.0	700.0	964.0	759.0	948.0	816.0	922.0	869.0	894.0	922.0	858.0	969.0	827.0	1019.0	793.0	1068.0	759.0	1117.0	729.0	1168.0	702.0	1220.0	676.0	1274.0	652.0	1328.0	627.0	1382.0	605.0	1437.0	583.0	1492.0	563.0	1548.0	546.0	1605.0	529.0	1662.0	517.0	1720.0	542.0	1768.0	596.0	1788.0	654.0	1794.0	714.0	1795.0	773.0	1794.0	832.0	1797.0	891.0	1800.0	951.0	1802.0	1010.0	1804.0	1069.0	1803.0	1129.0	1803.0	1188.0	1801.0
37	C. geniculata	m	1263.0	415.0	1217.0	432.0	1181.0	466.0	1153.0	506.0	1136.0	551.0	1126.0	599.0	1115.0	647.0	1106.0	695.0	1094.0	743.0	1078.0	789.0	1063.0	835.0	1046.0	882.0	1023.0	925.0	997.0	966.0	972.0	1008.0	945.0	1049.0	917.0	1089.0	892.0	1131.0	868.0	1174.0	844.0	1217.0	821.0	1260.0	801.0	1304.0	780.0	1349.0	761.0	1394.0	744.0	1440.0	728.0	1486.0	714.0	1533.0	708.0	1581.0	731.0	1620.0	775.0	1639.0	823.0	1649.0	871.0	1653.0	920.0	1656.0	969.0	1657.0	1018.0	1656.0	1067.0	1656.0	1116.0	1657.0	1165.0	1658.0	1214.0	1657.0	1263.0	1656.0
38	C. geniculata	f	1125.0	301.0	1064.0	321.0	1018.0	364.0	984.0	418.0	986.0	418.0	960.0	476.0	941.0	537.0	923.0	598.0	905.0	660.0	889.0	721.0	870.0	782.0	845.0	841.0	814.0	897.0	780.0	951.0	743.0	1003.0	709.0	1057.0	675.0	1111.0	643.0	1167.0	609.0	1220.0	576.0	1275.0	549.0	1333.0	524.0	1392.0	499.0	1451.0	473.0	1509.0	451.0	1569.0	431.0	1630.0	416.0	1691.0	405.0	1754.0	432.0	1805.0	489.0	1830.0	552.0	1834.0	616.0	1835.0	680.0	1840.0	743.0	1845.0	807.0	1851.0	871.0	1854.0	935.0	1854.0	999.0	1854.0	1062.0	1850.0	1126.0	1845.0
39	C. geniculata	m	1128.0	416.0	1078.0	437.0	1038.0	473.0	1009.0	519.0	990.0	569.0	973.0	621.0	957.0	672.0	939.0	724.0	920.0	775.0	909.0	827.0	896.0	880.0	882.0	932.0	859.0	981.0	831.0	1027.0	801.0	1073.0	774.0	1120.0	744.0	1165.0	713.0	1209.0	685.0	1255.0	659.0	1303.0	634.0	1351.0	611.0	1400.0	591.0	1450.0	572.0	1501.0	548.0	1550.0	526.0	1599.0	509.0	1650.0	506.0	1703.0	537.0	1742.0	587.0	1760.0	640.0	1769.0	694.0	1775.0	748.0	1779.0	802.0	1782.0	857.0	1784.0	911.0	1787.0	965.0	1788.0	1019.0	1790.0	1073.0	1791.0	1127.0	1787.0
40	C. geniculata	f	1159.0	147.0	1100.0	172.0	1057.0	219.0	1026.0	275.0	1002.0	334.0	982.0	395.0	961.0	455.0	945.0	517.0	930.0	579.0	916.0	641.0	907.0	705.0	892.0	767.0	871.0	827.0	844.0	885.0	812.0	940.0	776.0	993.0	744.0	1048.0	709.0	1102.0	674.0	1155.0	642.0	1211.0	610.0	1266.0	577.0	1321.0	552.0	1379.0	528.0	1439.0	503.0	1497.0	481.0	1557.0	461.0	1618.0	440.0	1678.0	464.0	1736.0	520.0	1765.0	584.0	1767.0	648.0	1769.0	712.0	1770.0	776.0	1770.0	840.0	1772.0	904.0	1774.0	967.0	1776.0	1031.0	1776.0	1095.0	1774.0	1159.0	1773.0
41	C. geniculata	m	1274.0	464.0	1227.0	484.0	1193.0	521.0	1171.0	568.0	1155.0	616.0	1139.0	664.0	1118.0	711.0	1098.0	758.0	1083.0	807.0	1067.0	855.0	1047.0	902.0	1021.0	946.0	995.0	990.0	971.0	1035.0	945.0	1078.0	918.0	1121.0	890.0	1164.0	864.0	1208.0	837.0	1251.0	811.0	1295.0	788.0	1341.0	767.0	1387.0	744.0	1433.0	725.0	1480.0	709.0	1528.0	693.0	1577.0	678.0	1625.0	680.0	1673.0	716.0	1702.0	766.0	1710.0	817.0	1711.0	868.0	1713.0	919.0	1716.0	970.0	1719.0	1021.0	1721.0	1072.0	1723.0	1123.0	1724.0	1174.0	1724.0	1225.0	1725.0	1276.0	1726.0
42	C. geniculata	f	1160.0	260.0	1102.0	280.0	1061.0	326.0	1029.0	378.0	1006.0	435.0	987.0	494.0	970.0	553.0	955.0	612.0	938.0	672.0	919.0	730.0	890.0	784.0	864.0	840.0	835.0	894.0	806.0	948.0	775.0	1002.0	742.0	1053.0	711.0	1106.0	682.0	1161.0	656.0	1216.0	627.0	1270.0	598.0	1324.0	572.0	1380.0	550.0	1438.0	529.0	1495.0	509.0	1554.0	488.0	1611.0	464.0	1668.0	455.0	1726.0	488.0	1771.0	546.0	1789.0	607.0	1793.0	669.0	1792.0	730.0	1794.0	791.0	1797.0	853.0	1802.0	914.0	1806.0	976.0	1806.0	1037.0	1806.0	1099.0	1806.0	1160.0	1803.0
43	C. geniculata	m	1138.0	396.0	1089.0	411.0	1048.0	443.0	1021.0	487.0	999.0	533.0	984.0	582.0	970.0	632.0	956.0	681.0	944.0	732.0	930.0	781.0	914.0	830.0	891.0	876.0	865.0	921.0	838.0	965.0	812.0	1009.0	783.0	1052.0	756.0	1096.0	728.0	1139.0	699.0	1182.0	672.0	1225.0	648.0	1271.0	627.0	1318.0	606.0	1365.0	586.0	1413.0	568.0	1461.0	550.0	1509.0	534.0	1558.0	535.0	1608.0	571.0	1638.0	621.0	1645.0	673.0	1648.0	724.0	1652.0	776.0	1655.0	827.0	1657.0	879.0	1659.0	930.0	1661.0	981.0	1664.0	1033.0	1665.0	1084.0	1665.0	1136.0	1664.0
44	C. geniculata	f	1214.0	105.0	1156.0	129.0	1110.0	173.0	1079.0	228.0	1055.0	286.0	1034.0	346.0	1020.0	408.0	1003.0	469.0	979.0	527.0	958.0	587.0	941.0	648.0	920.0	708.0	890.0	763.0	856.0	817.0	822.0	870.0	792.0	926.0	761.0	981.0	727.0	1034.0	700.0	1091.0	674.0	1149.0	649.0	1207.0	621.0	1264.0	592.0	1320.0	569.0	1379.0	545.0	1437.0	526.0	1498.0	507.0	1558.0	496.0	1619.0	528.0	1672.0	583.0	1702.0	644.0	1715.0	707.0	1714.0	771.0	1713.0	834.0	1716.0	897.0	1720.0	960.0	1719.0	1023.0	1723.0	1087.0	1725.0	1150.0	1724.0	1213.0	1722.0
45	C. gravis	f	1350.0	431.0	1302.0	446.0	1262.0	476.0	1236.0	520.0	1221.0	568.0	1217.0	618.0	1213.0	668.0	1206.0	718.0	1196.0	767.0	1180.0	815.0	1168.0	864.0	1147.0	910.0	1122.0	954.0	1095.0	996.0	1068.0	1039.0	1042.0	1082.0	1017.0	1125.0	992.0	1169.0	968.0	1213.0	945.0	1258.0	921.0	1303.0	895.0	1346.0	874.0	1391.0	855.0	1438.0	838.0	1485.0	821.0	1533.0	802.0	1579.0	790.0	1628.0	806.0	1671.0	848.0	1695.0	898.0	1704.0	948.0	1706.0	998.0	1706.0	1049.0	1708.0	1099.0	1712.0	1149.0	1717.0	1199.0	1722.0	1249.0	1726.0	1300.0	1728.0	1350.0	1726.0
46	C. gravis	m	1273.0	308.0	1226.0	324.0	1189.0	359.0	1159.0	399.0	1138.0	444.0	1124.0	492.0	1110.0	541.0	1098.0	589.0	1091.0	639.0	1081.0	688.0	1065.0	736.0	1043.0	781.0	1019.0	825.0	995.0	869.0	974.0	915.0	948.0	958.0	921.0	1000.0	893.0	1041.0	864.0	1082.0	841.0	1127.0	823.0	1174.0	801.0	1219.0	779.0	1264.0	760.0	1311.0	746.0	1359.0	732.0	1407.0	711.0	1453.0	699.0	1501.0	727.0	1542.0	772.0	1564.0	821.0	1571.0	871.0	1576.0	921.0	1580.0	971.0	1583.0	1021.0	1586.0	1071.0	1589.0	1122.0	1589.0	1172.0	1588.0	1222.0	1587.0	1272.0	1584.0
47	C. gravis	f	1372.0	251.0	1322.0	266.0	1282.0	299.0	1249.0	339.0	1229.0	387.0	1217.0	437.0	1205.0	488.0	1196.0	539.0	1187.0	590.0	1170.0	639.0	1148.0	686.0	1127.0	734.0	1101.0	779.0	1077.0	825.0	1053.0	871.0	1029.0	917.0	1001.0	960.0	972.0	1003.0	946.0	1048.0	921.0	1094.0	898.0	1140.0	876.0	1187.0	854.0	1234.0	833.0	1282.0	812.0	1329.0	793.0	1378.0	775.0	1426.0	768.0	1478.0	805.0	1514.0	853.0	1534.0	904.0	1544.0	956.0	1543.0	1008.0	1543.0	1060.0	1545.0	1111.0	1547.0	1163.0	1547.0	1215.0	1548.0	1267.0	1549.0	1319.0	1549.0	1371.0	1548.0
48	C. gravis	f	1350.0	295.0	1295.0	305.0	1255.0	342.0	1227.0	390.0	1205.0	441.0	1190.0	495.0	1179.0	549.0	1163.0	602.0	1150.0	656.0	1136.0	709.0	1118.0	762.0	1094.0	812.0	1071.0	862.0	1045.0	911.0	1016.0	958.0	989.0	1007.0	962.0	1055.0	936.0	1104.0	910.0	1153.0	885.0	1202.0	863.0	1253.0	842.0	1304.0	822.0	1356.0	800.0	1407.0	781.0	1459.0	764.0	1512.0	749.0	1565.0	731.0	1617.0	750.0	1664.0	796.0	1693.0	851.0	1697.0	906.0	1699.0	961.0	1703.0	1017.0	1706.0	1072.0	1709.0	1127.0	1710.0	1183.0	1711.0	1238.0	1711.0	1294.0	1711.0	1349.0	1711.0
49	C. gravis	f	1336.0	336.0	1286.0	347.0	1242.0	374.0	1215.0	418.0	1197.0	466.0	1183.0	515.0	1170.0	565.0	1158.0	615.0	1148.0	666.0	1132.0	715.0	1112.0	762.0	1091.0	809.0	1070.0	856.0	1042.0	899.0	1015.0	943.0	989.0	987.0	962.0	1031.0	934.0	1074.0	905.0	1117.0	880.0	1161.0	856.0	1207.0	833.0	1253.0	811.0	1299.0	791.0	1347.0	773.0	1395.0	754.0	1443.0	737.0	1491.0	735.0	1542.0	771.0	1578.0	822.0	1581.0	873.0	1587.0	924.0	1590.0	975.0	1593.0	1026.0	1600.0	1078.0	1599.0	1129.0	1601.0	1181.0	1602.0	1232.0	1602.0	1284.0	1602.0	1335.0	1603.0
50	C. gravis	f	1233.0	321.0	1184.0	333.0	1145.0	365.0	1120.0	409.0	1101.0	456.0	1089.0	505.0	1081.0	555.0	1073.0	605.0	1063.0	655.0	1049.0	703.0	1034.0	752.0	1017.0	799.0	993.0	844.0	966.0	886.0	940.0	930.0	914.0	973.0	887.0	1016.0	862.0	1060.0	836.0	1103.0	811.0	1147.0	786.0	1191.0	764.0	1237.0	743.0	1283.0	724.0	1329.0	705.0	1376.0	689.0	1424.0	676.0	1473.0	666.0	1522.0	684.0	1566.0	728.0	1584.0	779.0	1590.0	829.0	1594.0	880.0	1594.0	930.0	1597.0	980.0	1600.0	1031.0	1602.0	1081.0	1604.0	1132.0	1603.0	1182.0	1603.0	1233.0	1604.0
51	C. gravis	m	1431.0	460.0	1388.0	473.0	1350.0	496.0	1323.0	531.0	1305.0	572.0	1293.0	615.0	1282.0	658.0	1277.0	703.0	1270.0	747.0	1263.0	791.0	1257.0	835.0	1241.0	877.0	1221.0	917.0	1196.0	954.0	1168.0	989.0	1144.0	1027.0	1121.0	1065.0	1098.0	1104.0	1073.0	1140.0	1050.0	1179.0	1030.0	1219.0	1010.0	1259.0	990.0	1299.0	972.0	1340.0	955.0	1382.0	939.0	1423.0	926.0	1466.0	926.0	1510.0	949.0	1547.0	987.0	1570.0	1030.0	1580.0	1074.0	1582.0	1119.0	1582.0	1164.0	1584.0	1208.0	1588.0	1253.0	1591.0	1298.0	1593.0	1343.0	1593.0	1387.0	1593.0	1432.0	1593.0
52	C. gravis	f	1441.0	377.0	1386.0	386.0	1342.0	419.0	1310.0	463.0	1286.0	513.0	1266.0	565.0	1253.0	619.0	1240.0	673.0	1228.0	728.0	1219.0	783.0	1207.0	837.0	1186.0	888.0	1163.0	939.0	1138.0	988.0	1108.0	1035.0	1079.0	1082.0	1050.0	1130.0	1019.0	1176.0	993.0	1225.0	969.0	1275.0	942.0	1324.0	916.0	1373.0	891.0	1423.0	867.0	1473.0	846.0	1524.0	827.0	1576.0	808.0	1629.0	790.0	1681.0	829.0	1711.0	883.0	1725.0	938.0	1727.0	994.0	1728.0	1049.0	1732.0	1105.0	1732.0	1160.0	1734.0	1216.0	1738.0	1271.0	1740.0	1327.0	1741.0	1382.0	1738.0	1438.0	1740.0
54	C. gravis	f	1227.0	242.0	1176.0	253.0	1132.0	282.0	1103.0	326.0	1088.0	376.0	1076.0	427.0	1065.0	479.0	1056.0	530.0	1048.0	582.0	1036.0	634.0	1021.0	684.0	1002.0	733.0	978.0	780.0	950.0	824.0	924.0	870.0	900.0	917.0	873.0	962.0	846.0	1007.0	823.0	1054.0	799.0	1101.0	778.0	1149.0	760.0	1199.0	740.0	1247.0	719.0	1296.0	701.0	1345.0	683.0	1394.0	665.0	1443.0	649.0	1493.0	662.0	1541.0	705.0	1568.0	756.0	1580.0	808.0	1588.0	859.0	1597.0	911.0	1606.0	963.0	1612.0	1016.0	1616.0	1068.0	1619.0	1121.0	1620.0	1173.0	1620.0	1226.0	1621.0
55	C. gravis	f	1403.0	425.0	1353.0	436.0	1315.0	471.0	1286.0	514.0	1267.0	562.0	1253.0	612.0	1238.0	661.0	1228.0	711.0	1218.0	762.0	1210.0	813.0	1190.0	861.0	1164.0	905.0	1139.0	950.0	1108.0	992.0	1082.0	1036.0	1057.0	1081.0	1034.0	1127.0	1008.0	1172.0	982.0	1216.0	959.0	1262.0	934.0	1307.0	911.0	1354.0	893.0	1402.0	875.0	1450.0	856.0	1498.0	840.0	1547.0	830.0	1598.0	817.0	1648.0	838.0	1694.0	889.0	1702.0	940.0	1704.0	992.0	1705.0	1043.0	1708.0	1095.0	1711.0	1146.0	1714.0	1198.0	1715.0	1249.0	1715.0	1301.0	1713.0	1352.0	1713.0	1404.0	1711.0
56	C. gravis	f	1204.0	442.0	1157.0	459.0	1119.0	491.0	1088.0	531.0	1066.0	577.0	1054.0	625.0	1047.0	675.0	1039.0	725.0	1031.0	775.0	1023.0	825.0	1002.0	870.0	981.0	916.0	957.0	960.0	929.0	1003.0	903.0	1046.0	881.0	1091.0	855.0	1135.0	830.0	1178.0	806.0	1223.0	782.0	1267.0	760.0	1313.0	735.0	1356.0	715.0	1403.0	697.0	1450.0	679.0	1497.0	663.0	1545.0	644.0	1591.0	634.0	1640.0	665.0	1676.0	709.0	1700.0	757.0	1712.0	808.0	1712.0	858.0	1710.0	908.0	1713.0	959.0	1716.0	1009.0	1715.0	1060.0	1716.0	1110.0	1716.0	1161.0	1717.0	1203.0	1713.0
57	C. gravis	f	1263.0	371.0	1209.0	381.0	1165.0	413.0	1135.0	460.0	1119.0	512.0	1105.0	566.0	1094.0	620.0	1081.0	673.0	1068.0	727.0	1059.0	781.0	1045.0	834.0	1024.0	885.0	1001.0	935.0	977.0	985.0	951.0	1033.0	920.0	1079.0	894.0	1128.0	868.0	1176.0	841.0	1224.0	815.0	1273.0	790.0	1322.0	768.0	1373.0	745.0	1422.0	719.0	1471.0	696.0	1521.0	672.0	1571.0	655.0	1623.0	643.0	1676.0	668.0	1724.0	713.0	1754.0	767.0	1766.0	822.0	1772.0	877.0	1776.0	932.0	1779.0	987.0	1782.0	1042.0	1784.0	1097.0	1785.0	1152.0	1783.0	1207.0	1782.0	1262.0	1783.0
58	C. gravis	m	1321.0	425.0	1276.0	435.0	1241.0	466.0	1215.0	505.0	1197.0	547.0	1183.0	592.0	1177.0	638.0	1172.0	684.0	1166.0	730.0	1158.0	776.0	1146.0	821.0	1126.0	863.0	1104.0	903.0	1083.0	945.0	1058.0	984.0	1035.0	1024.0	1011.0	1064.0	986.0	1103.0	963.0	1144.0	944.0	1186.0	923.0	1228.0	902.0	1269.0	884.0	1312.0	866.0	1354.0	851.0	1398.0	839.0	1443.0	826.0	1488.0	813.0	1532.0	821.0	1576.0	858.0	1599.0	904.0	1607.0	950.0	1611.0	996.0	1616.0	1042.0	1617.0	1089.0	1622.0	1135.0	1624.0	1181.0	1626.0	1228.0	1630.0	1274.0	1627.0	1320.0	1625.0
59	C. immaculata	f	1420.0	160.0	1371.0	170.0	1332.0	201.0	1305.0	242.0	1285.0	288.0	1268.0	334.0	1251.0	381.0	1238.0	429.0	1226.0	477.0	1217.0	526.0	1203.0	573.0	1180.0	617.0	1154.0	659.0	1129.0	702.0	1103.0	745.0	1077.0	787.0	1051.0	829.0	1024.0	871.0	999.0	913.0	975.0	957.0	953.0	1001.0	927.0	1044.0	901.0	1086.0	880.0	1131.0	864.0	1178.0	849.0	1225.0	833.0	1273.0	836.0	1322.0	877.0	1349.0	926.0	1357.0	975.0	1363.0	1024.0	1369.0	1074.0	1375.0	1123.0	1377.0	1173.0	1375.0	1223.0	1374.0	1272.0	1375.0	1322.0	1378.0	1371.0	1379.0	1421.0	1377.0
60	C. immaculata	f	1255.0	516.0	1210.0	531.0	1176.0	565.0	1154.0	607.0	1133.0	650.0	1115.0	694.0	1099.0	739.0	1084.0	784.0	1068.0	830.0	1054.0	875.0	1040.0	921.0	1022.0	965.0	998.0	1006.0	971.0	1045.0	942.0	1083.0	916.0	1123.0	889.0	1163.0	865.0	1204.0	840.0	1245.0	817.0	1286.0	795.0	1329.0	772.0	1371.0	754.0	1415.0	736.0	1459.0	720.0	1504.0	706.0	1550.0	696.0	1596.0	692.0	1642.0	729.0	1672.0	775.0	1682.0	823.0	1684.0	870.0	1681.0	918.0	1683.0	966.0	1683.0	1014.0	1682.0	1061.0	1681.0	1109.0	1681.0	1157.0	1681.0	1204.0	1679.0	1252.0	1681.0
61	C. immaculata	f	1014.0	593.0	967.0	610.0	933.0	646.0	908.0	689.0	886.0	734.0	868.0	780.0	854.0	827.0	840.0	875.0	826.0	923.0	815.0	971.0	800.0	1019.0	784.0	1066.0	760.0	1109.0	731.0	1149.0	704.0	1191.0	679.0	1234.0	653.0	1276.0	627.0	1319.0	601.0	1361.0	577.0	1405.0	556.0	1450.0	535.0	1495.0	516.0	1541.0	500.0	1588.0	485.0	1636.0	469.0	1683.0	454.0	1730.0	448.0	1779.0	473.0	1820.0	517.0	1839.0	567.0	1842.0	616.0	1847.0	666.0	1849.0	715.0	1848.0	765.0	1846.0	815.0	1845.0	864.0	1851.0	914.0	1850.0	963.0	1849.0	1013.0	1849.0
62	C. immaculata	f	1257.0	584.0	1215.0	598.0	1184.0	629.0	1161.0	666.0	1145.0	707.0	1132.0	749.0	1118.0	790.0	1104.0	832.0	1090.0	874.0	1076.0	915.0	1070.0	958.0	1057.0	1000.0	1035.0	1038.0	1015.0	1077.0	992.0	1115.0	970.0	1152.0	947.0	1190.0	927.0	1229.0	907.0	1268.0	887.0	1307.0	864.0	1345.0	844.0	1384.0	827.0	1424.0	810.0	1465.0	797.0	1506.0	786.0	1549.0	774.0	1591.0	763.0	1633.0	779.0	1668.0	818.0	1684.0	862.0	1691.0	905.0	1695.0	949.0	1698.0	993.0	1700.0	1037.0	1701.0	1081.0	1703.0	1124.0	1705.0	1168.0	1707.0	1212.0	1706.0	1256.0	1706.0
63	C. immaculata	m	1276.0	611.0	1237.0	627.0	1206.0	657.0	1185.0	694.0	1167.0	732.0	1151.0	772.0	1140.0	813.0	1127.0	853.0	1111.0	893.0	1097.0	933.0	1080.0	972.0	1064.0	1011.0	1047.0	1050.0	1025.0	1086.0	1000.0	1121.0	974.0	1154.0	949.0	1188.0	926.0	1224.0	901.0	1259.0	881.0	1296.0	862.0	1334.0	845.0	1373.0	827.0	1412.0	812.0	1451.0	795.0	1490.0	782.0	1531.0	771.0	1572.0	776.0	1613.0	808.0	1634.0	850.0	1641.0	892.0	1645.0	935.0	1649.0	977.0	1651.0	1019.0	1652.0	1062.0	1652.0	1104.0	1653.0	1147.0	1653.0	1189.0	1649.0	1232.0	1648.0	1274.0	1650.0
64	C. immaculata	f	1331.0	489.0	1284.0	502.0	1249.0	536.0	1223.0	577.0	1203.0	622.0	1189.0	668.0	1174.0	715.0	1162.0	762.0	1145.0	808.0	1130.0	854.0	1117.0	901.0	1105.0	948.0	1087.0	993.0	1064.0	1036.0	1037.0	1077.0	1013.0	1120.0	989.0	1162.0	961.0	1202.0	937.0	1244.0	915.0	1288.0	893.0	1331.0	870.0	1374.0	849.0	1418.0	830.0	1463.0	816.0	1510.0	799.0	1555.0	784.0	1602.0	775.0	1649.0	799.0	1689.0	843.0	1706.0	891.0	1711.0	940.0	1713.0	988.0	1716.0	1037.0	1719.0	1086.0	1718.0	1134.0	1719.0	1183.0	1719.0	1232.0	1718.0	1280.0	1714.0	1329.0	1712.0
65	C. immaculata	f	1227.0	453.0	1181.0	464.0	1148.0	499.0	1125.0	541.0	1105.0	585.0	1090.0	631.0	1077.0	677.0	1065.0	723.0	1052.0	769.0	1037.0	815.0	1022.0	860.0	1004.0	905.0	980.0	946.0	955.0	987.0	931.0	1029.0	905.0	1069.0	880.0	1110.0	856.0	1151.0	831.0	1192.0	806.0	1234.0	783.0	1275.0	759.0	1317.0	737.0	1360.0	717.0	1403.0	699.0	1448.0	685.0	1493.0	673.0	1540.0	674.0	1586.0	701.0	1621.0	746.0	1636.0	794.0	1640.0	842.0	1641.0	890.0	1643.0	937.0	1644.0	985.0	1646.0	1033.0	1647.0	1081.0	1647.0	1129.0	1646.0	1177.0	1645.0	1225.0	1643.0
66	C. immaculata	m	1203.0	643.0	1167.0	659.0	1139.0	687.0	1122.0	723.0	1106.0	759.0	1092.0	796.0	1080.0	834.0	1070.0	872.0	1059.0	910.0	1048.0	949.0	1033.0	985.0	1015.0	1020.0	998.0	1056.0	977.0	1089.0	954.0	1122.0	933.0	1155.0	911.0	1188.0	890.0	1222.0	871.0	1257.0	852.0	1291.0	832.0	1326.0	815.0	1361.0	800.0	1398.0	785.0	1434.0	771.0	1472.0	759.0	1509.0	748.0	1547.0	746.0	1584.0	770.0	1612.0	809.0	1621.0	848.0	1626.0	888.0	1628.0	927.0	1629.0	967.0	1627.0	1006.0	1630.0	1046.0	1630.0	1085.0	1633.0	1125.0	1631.0	1164.0	1628.0	1204.0	1625.0
67	C. immaculata	m	1287.0	628.0	1249.0	643.0	1223.0	675.0	1203.0	711.0	1186.0	748.0	1170.0	785.0	1155.0	824.0	1142.0	863.0	1134.0	903.0	1127.0	943.0	1117.0	983.0	1103.0	1022.0	1084.0	1058.0	1065.0	1094.0	1043.0	1129.0	1022.0	1164.0	1002.0	1200.0	984.0	1237.0	965.0	1273.0	943.0	1308.0	922.0	1343.0	906.0	1381.0	888.0	1418.0	869.0	1454.0	855.0	1493.0	842.0	1532.0	832.0	1571.0	820.0	1611.0	840.0	1643.0	877.0	1659.0	918.0	1665.0	959.0	1665.0	1000.0	1665.0	1041.0	1668.0	1082.0	1668.0	1123.0	1669.0	1164.0	1668.0	1205.0	1669.0	1246.0	1668.0	1287.0	1669.0
68	C. immaculata	m	1200.0	641.0	1164.0	655.0	1136.0	684.0	1117.0	718.0	1096.0	751.0	1080.0	787.0	1070.0	825.0	1061.0	863.0	1054.0	902.0	1043.0	939.0	1027.0	975.0	1010.0	1010.0	991.0	1045.0	972.0	1079.0	953.0	1113.0	937.0	1149.0	918.0	1184.0	898.0	1217.0	878.0	1251.0	857.0	1284.0	839.0	1319.0	821.0	1354.0	804.0	1389.0	786.0	1424.0	770.0	1460.0	757.0	1497.0	746.0	1535.0	746.0	1573.0	771.0	1600.0	807.0	1613.0	846.0	1619.0	885.0	1622.0	924.0	1623.0	964.0	1624.0	1003.0	1626.0	1042.0	1627.0	1081.0	1627.0	1120.0	1626.0	1160.0	1625.0	1199.0	1624.0
69	C. immaculata	m	1244.0	526.0	1209.0	544.0	1178.0	569.0	1156.0	601.0	1138.0	636.0	1126.0	673.0	1113.0	710.0	1100.0	748.0	1091.0	786.0	1080.0	824.0	1070.0	862.0	1056.0	899.0	1041.0	935.0	1022.0	970.0	1001.0	1003.0	982.0	1037.0	964.0	1072.0	945.0	1107.0	926.0	1141.0	907.0	1175.0	887.0	1210.0	869.0	1245.0	851.0	1280.0	836.0	1316.0	822.0	1353.0	809.0	1390.0	796.0	1427.0	794.0	1465.0	815.0	1496.0	851.0	1511.0	889.0	1519.0	929.0	1524.0	968.0	1527.0	1007.0	1532.0	1046.0	1533.0	1086.0	1533.0	1125.0	1534.0	1164.0	1535.0	1204.0	1533.0	1243.0	1533.0
70	C. rideri	m	1372.0	421.0	1324.0	447.0	1288.0	489.0	1257.0	533.0	1240.0	586.0	1226.0	638.0	1207.0	690.0	1189.0	742.0	1171.0	794.0	1155.0	846.0	1139.0	898.0	1118.0	949.0	1094.0	998.0	1065.0	1045.0	1035.0	1091.0	1006.0	1138.0	976.0	1184.0	949.0	1231.0	923.0	1279.0	895.0	1327.0	871.0	1376.0	846.0	1424.0	824.0	1475.0	803.0	1525.0	782.0	1576.0	764.0	1628.0	748.0	1680.0	743.0	1734.0	774.0	1774.0	824.0	1792.0	879.0	1796.0	934.0	1800.0	988.0	1803.0	1043.0	1805.0	1098.0	1805.0	1153.0	1806.0	1208.0	1805.0	1262.0	1804.0	1317.0	1803.0	1372.0	1803.0
71	C. rideri	m	1258.0	251.0	1205.0	266.0	1167.0	307.0	1141.0	357.0	1119.0	408.0	1100.0	460.0	1086.0	514.0	1066.0	566.0	1045.0	618.0	1031.0	672.0	1016.0	725.0	997.0	778.0	971.0	827.0	946.0	877.0	920.0	926.0	892.0	974.0	865.0	1023.0	836.0	1070.0	809.0	1119.0	782.0	1168.0	758.0	1218.0	733.0	1268.0	710.0	1319.0	686.0	1369.0	663.0	1420.0	649.0	1474.0	638.0	1528.0	631.0	1583.0	653.0	1632.0	699.0	1661.0	754.0	1671.0	810.0	1674.0	865.0	1676.0	921.0	1678.0	977.0	1680.0	1032.0	1681.0	1088.0	1679.0	1144.0	1676.0	1199.0	1674.0	1255.0	1673.0
72	C. rideri	f	1407.0	242.0	1354.0	260.0	1314.0	301.0	1284.0	349.0	1263.0	401.0	1244.0	454.0	1224.0	507.0	1207.0	561.0	1192.0	616.0	1178.0	671.0	1161.0	725.0	1140.0	777.0	1114.0	827.0	1087.0	877.0	1056.0	924.0	1023.0	970.0	996.0	1020.0	967.0	1069.0	940.0	1118.0	912.0	1167.0	887.0	1218.0	859.0	1267.0	835.0	1318.0	815.0	1371.0	794.0	1424.0	777.0	1477.0	757.0	1530.0	751.0	1587.0	787.0	1629.0	842.0	1645.0	898.0	1642.0	954.0	1645.0	1011.0	1646.0	1068.0	1646.0	1124.0	1642.0	1180.0	1637.0	1237.0	1634.0	1293.0	1629.0	1349.0	1625.0	1406.0	1623.0
73	C. rideri	m	1172.0	421.0	1123.0	433.0	1086.0	469.0	1060.0	513.0	1037.0	559.0	1019.0	606.0	1004.0	655.0	990.0	704.0	973.0	753.0	961.0	802.0	946.0	851.0	931.0	900.0	904.0	944.0	878.0	988.0	853.0	1032.0	826.0	1075.0	799.0	1119.0	771.0	1162.0	744.0	1205.0	719.0	1250.0	699.0	1296.0	678.0	1343.0	656.0	1389.0	635.0	1436.0	620.0	1485.0	607.0	1534.0	595.0	1583.0	585.0	1634.0	613.0	1669.0	661.0	1685.0	711.0	1688.0	762.0	1688.0	814.0	1689.0	865.0	1691.0	916.0	1692.0	967.0	1690.0	1018.0	1688.0	1069.0	1688.0	1120.0	1687.0	1171.0	1687.0
74	C. rideri	m	1128.0	552.0	1081.0	568.0	1043.0	598.0	1011.0	636.0	991.0	681.0	980.0	729.0	969.0	777.0	953.0	824.0	937.0	871.0	926.0	919.0	915.0	967.0	904.0	1015.0	886.0	1061.0	865.0	1105.0	840.0	1148.0	815.0	1190.0	789.0	1232.0	765.0	1275.0	743.0	1319.0	721.0	1364.0	698.0	1407.0	675.0	1451.0	653.0	1495.0	634.0	1540.0	617.0	1586.0	600.0	1633.0	585.0	1680.0	576.0	1728.0	593.0	1771.0	636.0	1789.0	685.0	1791.0	734.0	1791.0	784.0	1789.0	833.0	1785.0	882.0	1779.0	931.0	1778.0	980.0	1779.0	1029.0	1781.0	1079.0	1782.0	1128.0	1782.0
75	C. rideri	m	1248.0	308.0	1199.0	321.0	1159.0	354.0	1136.0	399.0	1118.0	447.0	1105.0	496.0	1093.0	546.0	1080.0	596.0	1066.0	645.0	1052.0	694.0	1040.0	744.0	1021.0	791.0	998.0	836.0	975.0	882.0	951.0	928.0	926.0	972.0	898.0	1015.0	872.0	1059.0	848.0	1104.0	823.0	1148.0	798.0	1193.0	776.0	1239.0	756.0	1286.0	737.0	1333.0	717.0	1380.0	697.0	1428.0	681.0	1476.0	675.0	1526.0	694.0	1570.0	737.0	1594.0	787.0	1603.0	838.0	1606.0	890.0	1606.0	941.0	1605.0	992.0	1604.0	1043.0	1603.0	1094.0	1603.0	1145.0	1602.0	1196.0	1599.0	1247.0	1599.0
76	C. rideri	f	1175.0	383.0	1124.0	401.0	1086.0	440.0	1056.0	485.0	1036.0	536.0	1016.0	586.0	999.0	638.0	979.0	688.0	965.0	741.0	950.0	793.0	937.0	846.0	916.0	896.0	894.0	946.0	868.0	993.0	841.0	1040.0	814.0	1087.0	789.0	1136.0	761.0	1183.0	736.0	1231.0	710.0	1279.0	684.0	1326.0	661.0	1375.0	639.0	1425.0	618.0	1475.0	597.0	1525.0	580.0	1577.0	566.0	1629.0	557.0	1683.0	585.0	1724.0	633.0	1747.0	687.0	1751.0	741.0	1753.0	796.0	1752.0	850.0	1749.0	904.0	1748.0	958.0	1746.0	1012.0	1740.0	1066.0	1734.0	1121.0	1732.0	1175.0	1732.0
77	C. rideri	m	1254.0	173.0	1199.0	186.0	1161.0	228.0	1133.0	277.0	1110.0	329.0	1090.0	382.0	1073.0	436.0	1057.0	490.0	1038.0	543.0	1023.0	598.0	1005.0	652.0	987.0	706.0	963.0	757.0	932.0	804.0	902.0	852.0	871.0	899.0	841.0	948.0	816.0	999.0	785.0	1046.0	759.0	1096.0	732.0	1146.0	707.0	1197.0	682.0	1247.0	657.0	1298.0	637.0	1351.0	620.0	1405.0	603.0	1459.0	604.0	1516.0	638.0	1560.0	689.0	1583.0	745.0	1594.0	801.0	1603.0	857.0	1609.0	913.0	1612.0	970.0	1610.0	1027.0	1608.0	1083.0	1607.0	1140.0	1602.0	1196.0	1601.0	1253.0	1601.0
78	C. rideri	f	1201.0	248.0	1146.0	273.0	1108.0	321.0	1076.0	373.0	1047.0	426.0	1032.0	485.0	1012.0	543.0	991.0	600.0	976.0	659.0	959.0	718.0	943.0	776.0	927.0	835.0	900.0	890.0	865.0	940.0	832.0	991.0	800.0	1043.0	769.0	1095.0	743.0	1150.0	714.0	1204.0	686.0	1258.0	656.0	1311.0	625.0	1363.0	599.0	1418.0	577.0	1475.0	557.0	1532.0	536.0	1590.0	515.0	1647.0	507.0	1707.0	537.0	1760.0	594.0	1781.0	654.0	1785.0	715.0	1788.0	776.0	1793.0	837.0	1795.0	898.0	1798.0	959.0	1798.0	1019.0	1794.0	1080.0	1794.0	1141.0	1791.0	1202.0	1788.0
79	C. rideri	f	1110.0	249.0	1056.0	273.0	1014.0	316.0	984.0	367.0	962.0	423.0	942.0	479.0	921.0	535.0	905.0	592.0	885.0	648.0	868.0	705.0	851.0	762.0	829.0	818.0	806.0	873.0	779.0	926.0	748.0	976.0	714.0	1026.0	685.0	1077.0	655.0	1129.0	626.0	1181.0	598.0	1234.0	568.0	1285.0	543.0	1339.0	522.0	1395.0	503.0	1452.0	484.0	1508.0	469.0	1566.0	450.0	1622.0	438.0	1680.0	462.0	1731.0	514.0	1756.0	573.0	1759.0	633.0	1761.0	692.0	1767.0	752.0	1769.0	811.0	1769.0	871.0	1767.0	930.0	1770.0	990.0	1770.0	1049.0	1769.0	1109.0	1770.0
80	C. rideri	f	1263.0	298.0	1211.0	316.0	1177.0	358.0	1153.0	407.0	1130.0	457.0	1114.0	510.0	1099.0	562.0	1082.0	614.0	1066.0	667.0	1050.0	719.0	1037.0	772.0	1020.0	824.0	993.0	872.0	961.0	916.0	929.0	961.0	902.0	1008.0	874.0	1056.0	847.0	1103.0	820.0	1151.0	796.0	1200.0	772.0	1249.0	750.0	1299.0	726.0	1349.0	707.0	1400.0	689.0	1452.0	672.0	1503.0	654.0	1555.0	645.0	1609.0	670.0	1653.0	717.0	1679.0	770.0	1684.0	825.0	1684.0	880.0	1686.0	935.0	1688.0	989.0	1688.0	1044.0	1688.0	1099.0	1689.0	1154.0	1688.0	1208.0	1687.0	1263.0	1688.0
81	C. rideri	m	1340.0	349.0	1284.0	368.0	1241.0	410.0	1211.0	461.0	1189.0	517.0	1172.0	574.0	1154.0	631.0	1137.0	688.0	1124.0	746.0	1108.0	804.0	1087.0	860.0	1061.0	913.0	1031.0	965.0	1004.0	1018.0	973.0	1069.0	941.0	1119.0	911.0	1170.0	880.0	1222.0	849.0	1273.0	818.0	1323.0	790.0	1376.0	762.0	1429.0	737.0	1483.0	715.0	1538.0	693.0	1594.0	673.0	1650.0	653.0	1706.0	651.0	1765.0	689.0	1807.0	744.0	1825.0	804.0	1824.0	863.0	1824.0	923.0	1825.0	982.0	1827.0	1042.0	1826.0	1102.0	1825.0	1161.0	1824.0	1221.0	1822.0	1280.0	1820.0	1340.0	1817.0
82	C. rideri	f	1200.0	327.0	1148.0	341.0	1106.0	374.0	1076.0	419.0	1055.0	469.0	1041.0	521.0	1028.0	573.0	1017.0	626.0	1001.0	677.0	983.0	728.0	965.0	779.0	943.0	828.0	919.0	876.0	891.0	922.0	861.0	967.0	832.0	1012.0	807.0	1060.0	783.0	1108.0	757.0	1155.0	733.0	1203.0	712.0	1253.0	689.0	1302.0	667.0	1351.0	648.0	1401.0	631.0	1452.0	615.0	1504.0	597.0	1554.0	584.0	1606.0	609.0	1651.0	662.0	1661.0	716.0	1667.0	770.0	1668.0	823.0	1671.0	877.0	1673.0	931.0	1676.0	985.0	1680.0	1039.0	1681.0	1092.0	1684.0	1146.0	1687.0	1200.0	1687.0
83	C. sebastiaoi	f	1433.0	222.0	1379.0	247.0	1336.0	290.0	1305.0	341.0	1283.0	397.0	1265.0	454.0	1248.0	511.0	1236.0	570.0	1225.0	629.0	1209.0	687.0	1189.0	744.0	1169.0	800.0	1143.0	854.0	1114.0	907.0	1084.0	959.0	1053.0	1010.0	1022.0	1062.0	992.0	1113.0	961.0	1165.0	932.0	1217.0	907.0	1272.0	884.0	1327.0	864.0	1384.0	842.0	1440.0	821.0	1496.0	802.0	1553.0	784.0	1610.0	770.0	1669.0	775.0	1728.0	831.0	1749.0	891.0	1749.0	951.0	1746.0	1011.0	1747.0	1071.0	1749.0	1131.0	1751.0	1191.0	1750.0	1251.0	1751.0	1311.0	1752.0	1371.0	1750.0	1431.0	1751.0
84	C. sebastiaoi	f	1226.0	149.0	1170.0	173.0	1122.0	209.0	1089.0	260.0	1071.0	318.0	1057.0	377.0	1043.0	436.0	1028.0	495.0	1013.0	554.0	1000.0	613.0	977.0	669.0	951.0	724.0	923.0	777.0	898.0	832.0	868.0	885.0	834.0	935.0	805.0	989.0	776.0	1042.0	747.0	1095.0	720.0	1149.0	693.0	1203.0	667.0	1258.0	642.0	1313.0	620.0	1370.0	600.0	1427.0	581.0	1485.0	562.0	1542.0	547.0	1601.0	571.0	1650.0	623.0	1677.0	683.0	1683.0	743.0	1682.0	804.0	1681.0	864.0	1680.0	925.0	1681.0	986.0	1683.0	1046.0	1683.0	1107.0	1682.0	1167.0	1683.0	1228.0	1685.0
85	C. sebastiaoi	f	1377.0	135.0	1321.0	165.0	1275.0	210.0	1239.0	262.0	1213.0	320.0	1200.0	383.0	1184.0	445.0	1168.0	506.0	1149.0	567.0	1130.0	628.0	1107.0	688.0	1084.0	747.0	1056.0	804.0	1027.0	861.0	997.0	918.0	967.0	974.0	936.0	1029.0	907.0	1086.0	878.0	1143.0	849.0	1200.0	818.0	1256.0	793.0	1314.0	770.0	1374.0	749.0	1434.0	728.0	1494.0	707.0	1555.0	688.0	1616.0	672.0	1677.0	684.0	1737.0	739.0	1756.0	803.0	1755.0	867.0	1751.0	930.0	1750.0	994.0	1750.0	1058.0	1750.0	1122.0	1750.0	1186.0	1751.0	1249.0	1752.0	1313.0	1753.0	1377.0	1755.0
86	C. sebastiaoi	f	1402.0	203.0	1347.0	233.0	1308.0	282.0	1276.0	335.0	1248.0	391.0	1231.0	451.0	1212.0	511.0	1191.0	569.0	1174.0	630.0	1156.0	689.0	1138.0	749.0	1108.0	804.0	1075.0	857.0	1044.0	911.0	1012.0	965.0	982.0	1019.0	952.0	1074.0	922.0	1129.0	892.0	1184.0	863.0	1239.0	836.0	1295.0	811.0	1353.0	786.0	1410.0	762.0	1468.0	743.0	1527.0	725.0	1587.0	704.0	1646.0	692.0	1707.0	720.0	1758.0	778.0	1773.0	840.0	1777.0	903.0	1780.0	965.0	1781.0	1028.0	1783.0	1090.0	1784.0	1152.0	1786.0	1215.0	1790.0	1277.0	1792.0	1340.0	1790.0	1402.0	1789.0
87	C. sebastiaoi	f	1101.0	149.0	1044.0	172.0	999.0	214.0	966.0	265.0	947.0	323.0	930.0	382.0	915.0	441.0	898.0	500.0	881.0	559.0	865.0	618.0	847.0	677.0	823.0	733.0	794.0	787.0	765.0	841.0	736.0	895.0	704.0	947.0	672.0	999.0	642.0	1052.0	612.0	1106.0	583.0	1160.0	556.0	1215.0	532.0	1271.0	510.0	1328.0	488.0	1386.0	467.0	1443.0	450.0	1502.0	435.0	1561.0	430.0	1622.0	443.0	1682.0	490.0	1717.0	550.0	1714.0	611.0	1715.0	673.0	1718.0	734.0	1720.0	795.0	1724.0	856.0	1728.0	917.0	1728.0	979.0	1727.0	1040.0	1726.0	1101.0	1724.0
88	C. sebastiaoi	m	1354.0	143.0	1306.0	167.0	1264.0	201.0	1236.0	247.0	1217.0	298.0	1200.0	349.0	1182.0	400.0	1162.0	450.0	1143.0	500.0	1130.0	552.0	1112.0	603.0	1093.0	654.0	1066.0	700.0	1037.0	746.0	1009.0	792.0	983.0	839.0	956.0	886.0	929.0	933.0	905.0	981.0	881.0	1029.0	856.0	1077.0	832.0	1125.0	808.0	1173.0	788.0	1223.0	770.0	1274.0	755.0	1326.0	742.0	1378.0	735.0	1429.0	767.0	1469.0	818.0	1487.0	871.0	1495.0	925.0	1501.0	978.0	1505.0	1032.0	1507.0	1086.0	1508.0	1140.0	1511.0	1193.0	1509.0	1247.0	1510.0	1301.0	1512.0	1355.0	1511.0
89	C. sebastiaoi	f	1262.0	125.0	1201.0	142.0	1154.0	187.0	1117.0	240.0	1089.0	298.0	1071.0	360.0	1053.0	423.0	1038.0	485.0	1025.0	549.0	1004.0	610.0	980.0	670.0	948.0	726.0	917.0	783.0	885.0	839.0	854.0	896.0	822.0	952.0	789.0	1008.0	760.0	1066.0	728.0	1122.0	698.0	1180.0	668.0	1237.0	637.0	1293.0	609.0	1352.0	587.0	1413.0	564.0	1473.0	545.0	1535.0	540.0	1600.0	536.0	1664.0	559.0	1722.0	615.0	1750.0	680.0	1746.0	745.0	1745.0	809.0	1747.0	874.0	1750.0	939.0	1753.0	1003.0	1755.0	1068.0	1755.0	1133.0	1754.0	1197.0	1752.0	1262.0	1748.0
90	C. sebastiaoi	f	1304.0	266.0	1254.0	290.0	1216.0	330.0	1180.0	373.0	1155.0	423.0	1138.0	476.0	1128.0	530.0	1114.0	584.0	1102.0	639.0	1086.0	692.0	1066.0	744.0	1044.0	795.0	1014.0	842.0	985.0	889.0	956.0	936.0	928.0	985.0	901.0	1033.0	874.0	1082.0	849.0	1132.0	824.0	1181.0	798.0	1230.0	772.0	1280.0	748.0	1330.0	727.0	1381.0	708.0	1434.0	692.0	1487.0	676.0	1540.0	669.0	1595.0	698.0	1635.0	749.0	1655.0	804.0	1661.0	859.0	1663.0	915.0	1665.0	970.0	1668.0	1026.0	1669.0	1082.0	1671.0	1137.0	1670.0	1193.0	1669.0	1248.0	1668.0	1304.0	1668.0
91	C. sebastiaoi	m	1076.0	292.0	1028.0	316.0	992.0	354.0	967.0	401.0	947.0	450.0	936.0	502.0	927.0	554.0	914.0	606.0	901.0	657.0	880.0	706.0	859.0	755.0	839.0	804.0	819.0	853.0	796.0	901.0	772.0	948.0	746.0	995.0	721.0	1042.0	696.0	1088.0	670.0	1135.0	644.0	1181.0	618.0	1227.0	594.0	1275.0	572.0	1323.0	553.0	1373.0	535.0	1423.0	520.0	1473.0	505.0	1524.0	492.0	1576.0	502.0	1623.0	546.0	1649.0	599.0	1653.0	652.0	1656.0	705.0	1657.0	758.0	1660.0	811.0	1666.0	864.0	1669.0	917.0	1672.0	970.0	1670.0	1023.0	1670.0	1076.0	1669.0
92	C. sebastiaoi	f	1079.0	58.0	1023.0	83.0	972.0	118.0	934.0	166.0	907.0	222.0	882.0	278.0	865.0	337.0	850.0	397.0	834.0	457.0	819.0	516.0	801.0	575.0	771.0	629.0	747.0	686.0	719.0	741.0	689.0	794.0	657.0	847.0	626.0	900.0	597.0	954.0	565.0	1007.0	533.0	1060.0	507.0	1116.0	479.0	1170.0	458.0	1228.0	437.0	1286.0	419.0	1345.0	404.0	1404.0	388.0	1464.0	376.0	1525.0	411.0	1572.0	463.0	1605.0	524.0	1612.0	586.0	1614.0	647.0	1618.0	709.0	1620.0	770.0	1622.0	832.0	1622.0	893.0	1618.0	955.0	1618.0	1016.0	1617.0	1078.0	1614.0
93	C. sebastiaoi	m	1377.0	187.0	1328.0	213.0	1292.0	256.0	1268.0	306.0	1244.0	356.0	1225.0	408.0	1210.0	462.0	1197.0	516.0	1182.0	569.0	1165.0	622.0	1140.0	672.0	1114.0	721.0	1087.0	770.0	1058.0	817.0	1033.0	867.0	1006.0	915.0	981.0	965.0	955.0	1014.0	927.0	1062.0	899.0	1110.0	875.0	1160.0	852.0	1211.0	829.0	1261.0	807.0	1312.0	784.0	1363.0	766.0	1415.0	746.0	1468.0	735.0	1522.0	769.0	1557.0	821.0	1574.0	877.0	1578.0	932.0	1584.0	987.0	1590.0	1043.0	1593.0	1098.0	1595.0	1154.0	1596.0	1209.0	1596.0	1265.0	1593.0	1320.0	1590.0	1376.0	1590.0
94	C. sebastiaoi	f	1168.0	203.0	1116.0	233.0	1077.0	279.0	1047.0	331.0	1026.0	387.0	1008.0	445.0	989.0	502.0	972.0	559.0	958.0	618.0	938.0	674.0	914.0	729.0	887.0	783.0	855.0	834.0	824.0	886.0	798.0	940.0	769.0	992.0	738.0	1044.0	708.0	1096.0	678.0	1148.0	645.0	1199.0	618.0	1252.0	592.0	1306.0	568.0	1362.0	549.0	1418.0	530.0	1475.0	512.0	1533.0	492.0	1589.0	486.0	1649.0	517.0	1698.0	567.0	1731.0	626.0	1741.0	685.0	1746.0	745.0	1750.0	806.0	1750.0	866.0	1751.0	926.0	1751.0	986.0	1748.0	1046.0	1745.0	1106.0	1743.0	1166.0	1742.0
95	C. sebastiaoi	f	1073.0	100.0	1022.0	132.0	985.0	181.0	950.0	230.0	925.0	285.0	904.0	342.0	888.0	401.0	876.0	460.0	866.0	520.0	853.0	579.0	838.0	638.0	814.0	693.0	784.0	746.0	750.0	796.0	718.0	848.0	681.0	896.0	644.0	944.0	612.0	996.0	585.0	1050.0	564.0	1106.0	541.0	1163.0	520.0	1220.0	500.0	1277.0	479.0	1333.0	461.0	1391.0	446.0	1450.0	434.0	1509.0	421.0	1569.0	425.0	1628.0	468.0	1663.0	527.0	1667.0	588.0	1669.0	648.0	1676.0	708.0	1681.0	769.0	1682.0	830.0	1682.0	890.0	1681.0	951.0	1681.0	1011.0	1682.0	1072.0	1682.0
96	C. sebastiaoi	f	1246.0	111.0	1185.0	128.0	1138.0	169.0	1101.0	220.0	1073.0	277.0	1052.0	336.0	1032.0	395.0	1014.0	456.0	999.0	517.0	992.0	580.0	980.0	641.0	955.0	699.0	931.0	757.0	907.0	816.0	876.0	870.0	841.0	922.0	808.0	976.0	774.0	1029.0	747.0	1086.0	718.0	1142.0	691.0	1199.0	664.0	1256.0	632.0	1310.0	602.0	1365.0	579.0	1424.0	558.0	1483.0	543.0	1544.0	530.0	1605.0	561.0	1659.0	619.0	1679.0	681.0	1688.0	744.0	1698.0	806.0	1706.0	869.0	1714.0	931.0	1718.0	994.0	1721.0	1057.0	1725.0	1120.0	1723.0	1183.0	1727.0	1246.0	1723.0
97	C. vanduzeei	f	1293.0	520.0	1246.0	530.0	1208.0	560.0	1179.0	600.0	1155.0	642.0	1132.0	684.0	1120.0	732.0	1111.0	780.0	1101.0	827.0	1091.0	875.0	1077.0	922.0	1061.0	968.0	1040.0	1012.0	1017.0	1055.0	993.0	1097.0	972.0	1141.0	948.0	1184.0	925.0	1227.0	902.0	1269.0	879.0	1312.0	855.0	1355.0	834.0	1399.0	816.0	1444.0	800.0	1490.0	786.0	1537.0	773.0	1584.0	763.0	1631.0	753.0	1679.0	766.0	1723.0	805.0	1748.0	853.0	1757.0	901.0	1758.0	950.0	1758.0	999.0	1757.0	1047.0	1756.0	1096.0	1755.0	1145.0	1754.0	1194.0	1755.0	1242.0	1756.0	1291.0	1754.0
98	C. vanduzeei	f	1243.0	326.0	1192.0	335.0	1152.0	367.0	1121.0	409.0	1095.0	453.0	1077.0	501.0	1061.0	551.0	1045.0	600.0	1031.0	649.0	1017.0	699.0	1000.0	748.0	981.0	796.0	962.0	844.0	942.0	891.0	918.0	937.0	894.0	982.0	871.0	1029.0	846.0	1074.0	823.0	1120.0	800.0	1166.0	775.0	1212.0	754.0	1259.0	735.0	1307.0	718.0	1355.0	703.0	1405.0	689.0	1454.0	678.0	1505.0	670.0	1556.0	683.0	1603.0	725.0	1621.0	777.0	1620.0	829.0	1619.0	880.0	1620.0	932.0	1621.0	983.0	1620.0	1035.0	1617.0	1086.0	1613.0	1138.0	1610.0	1189.0	1609.0	1241.0	1608.0
99	C. vanduzeei	m	1306.0	348.0	1255.0	361.0	1212.0	392.0	1182.0	436.0	1157.0	482.0	1139.0	532.0	1124.0	582.0	1114.0	634.0	1104.0	686.0	1093.0	738.0	1079.0	789.0	1063.0	839.0	1043.0	888.0	1021.0	936.0	993.0	980.0	969.0	1028.0	946.0	1075.0	923.0	1122.0	898.0	1169.0	875.0	1216.0	852.0	1264.0	831.0	1312.0	812.0	1362.0	794.0	1412.0	779.0	1462.0	765.0	1513.0	754.0	1565.0	746.0	1617.0	743.0	1670.0	779.0	1697.0	831.0	1707.0	883.0	1711.0	936.0	1711.0	989.0	1711.0	1042.0	1708.0	1094.0	1705.0	1147.0	1702.0	1200.0	1698.0	1252.0	1694.0	1305.0	1694.0
100	C. vanduzeei	m	1076.0	529.0	1031.0	540.0	996.0	570.0	970.0	608.0	949.0	649.0	932.0	692.0	918.0	736.0	909.0	781.0	895.0	825.0	883.0	870.0	869.0	914.0	855.0	958.0	837.0	1000.0	813.0	1040.0	790.0	1080.0	765.0	1118.0	742.0	1159.0	721.0	1199.0	697.0	1239.0	674.0	1279.0	655.0	1321.0	636.0	1363.0	615.0	1405.0	596.0	1447.0	580.0	1490.0	567.0	1534.0	557.0	1579.0	554.0	1625.0	577.0	1662.0	617.0	1683.0	662.0	1693.0	708.0	1697.0	754.0	1702.0	800.0	1704.0	846.0	1703.0	892.0	1702.0	939.0	1701.0	985.0	1700.0	1031.0	1699.0	1077.0	1697.0
101	C. vanduzeei	m	1134.0	648.0	1091.0	654.0	1054.0	676.0	1027.0	709.0	1006.0	747.0	990.0	788.0	974.0	828.0	965.0	870.0	956.0	912.0	946.0	955.0	933.0	996.0	917.0	1036.0	897.0	1075.0	878.0	1113.0	857.0	1151.0	838.0	1190.0	818.0	1229.0	797.0	1266.0	778.0	1305.0	759.0	1344.0	742.0	1384.0	725.0	1424.0	709.0	1464.0	694.0	1505.0	684.0	1547.0	675.0	1589.0	665.0	1631.0	657.0	1674.0	669.0	1713.0	703.0	1734.0	746.0	1738.0	789.0	1736.0	832.0	1737.0	876.0	1739.0	919.0	1740.0	962.0	1738.0	1005.0	1737.0	1048.0	1738.0	1092.0	1738.0	1135.0	1737.0
102	C. vanduzeei	f	1276.0	304.0	1226.0	313.0	1183.0	340.0	1152.0	380.0	1123.0	422.0	1104.0	469.0	1091.0	518.0	1080.0	567.0	1071.0	617.0	1064.0	668.0	1046.0	715.0	1028.0	763.0	1005.0	808.0	980.0	852.0	952.0	894.0	925.0	937.0	904.0	984.0	879.0	1028.0	857.0	1074.0	833.0	1119.0	813.0	1165.0	793.0	1212.0	774.0	1259.0	762.0	1308.0	742.0	1355.0	729.0	1404.0	716.0	1453.0	706.0	1503.0	722.0	1551.0	768.0	1572.0	818.0	1582.0	868.0	1589.0	919.0	1588.0	969.0	1587.0	1020.0	1589.0	1071.0	1590.0	1122.0	1590.0	1172.0	1588.0	1223.0	1586.0	1274.0	1586.0
103	C. vanduzeei	f	1127.0	701.0	1086.0	718.0	1050.0	745.0	1024.0	780.0	1002.0	819.0	984.0	860.0	969.0	901.0	956.0	944.0	943.0	986.0	934.0	1030.0	919.0	1072.0	897.0	1110.0	873.0	1148.0	851.0	1186.0	830.0	1226.0	808.0	1264.0	787.0	1303.0	766.0	1342.0	750.0	1384.0	729.0	1423.0	711.0	1463.0	696.0	1505.0	677.0	1545.0	661.0	1587.0	647.0	1629.0	636.0	1672.0	625.0	1715.0	620.0	1759.0	642.0	1797.0	685.0	1807.0	730.0	1803.0	774.0	1800.0	818.0	1798.0	863.0	1798.0	907.0	1795.0	952.0	1793.0	996.0	1789.0	1040.0	1791.0	1085.0	1789.0	1129.0	1789.0
104	C. vanduzeei	m	1203.0	512.0	1159.0	518.0	1121.0	540.0	1093.0	575.0	1072.0	615.0	1056.0	656.0	1045.0	699.0	1037.0	743.0	1024.0	785.0	1012.0	828.0	999.0	870.0	986.0	913.0	970.0	954.0	949.0	993.0	924.0	1030.0	899.0	1067.0	873.0	1103.0	851.0	1141.0	830.0	1181.0	811.0	1221.0	791.0	1260.0	773.0	1301.0	754.0	1341.0	738.0	1382.0	723.0	1424.0	715.0	1468.0	706.0	1511.0	699.0	1554.0	721.0	1591.0	760.0	1610.0	804.0	1615.0	849.0	1615.0	893.0	1616.0	938.0	1618.0	982.0	1619.0	1026.0	1619.0	1071.0	1619.0	1115.0	1618.0	1160.0	1619.0	1204.0	1618.0
105	C. vanduzeei	m	1156.0	612.0	1115.0	619.0	1080.0	643.0	1054.0	675.0	1036.0	713.0	1022.0	752.0	1011.0	792.0	1000.0	833.0	990.0	873.0	978.0	913.0	969.0	954.0	949.0	991.0	933.0	1029.0	915.0	1067.0	895.0	1103.0	872.0	1138.0	849.0	1173.0	829.0	1210.0	809.0	1247.0	789.0	1283.0	768.0	1319.0	750.0	1357.0	732.0	1395.0	717.0	1434.0	705.0	1474.0	692.0	1513.0	681.0	1554.0	679.0	1595.0	701.0	1629.0	739.0	1644.0	780.0	1651.0	821.0	1655.0	863.0	1660.0	904.0	1663.0	946.0	1664.0	988.0	1662.0	1030.0	1661.0	1071.0	1661.0	1113.0	1661.0	1155.0	1660.0
106	C. vanduzeei	f	999.0	389.0	950.0	402.0	908.0	428.0	878.0	468.0	856.0	513.0	838.0	560.0	822.0	608.0	807.0	656.0	791.0	703.0	780.0	752.0	771.0	801.0	754.0	848.0	730.0	892.0	706.0	937.0	683.0	981.0	659.0	1025.0	635.0	1069.0	612.0	1114.0	589.0	1159.0	568.0	1204.0	549.0	1250.0	534.0	1298.0	520.0	1346.0	506.0	1395.0	491.0	1442.0	477.0	1491.0	466.0	1540.0	454.0	1588.0	459.0	1633.0	498.0	1657.0	548.0	1660.0	598.0	1659.0	648.0	1660.0	698.0	1665.0	748.0	1667.0	799.0	1665.0	849.0	1663.0	899.0	1663.0	949.0	1661.0	999.0	1657.0
107	C. vanduzeei	f	1493.0	409.0	1445.0	419.0	1406.0	450.0	1377.0	490.0	1353.0	533.0	1336.0	580.0	1325.0	628.0	1312.0	676.0	1299.0	723.0	1285.0	771.0	1274.0	819.0	1252.0	863.0	1232.0	908.0	1210.0	953.0	1187.0	996.0	1165.0	1041.0	1142.0	1085.0	1120.0	1129.0	1095.0	1172.0	1073.0	1216.0	1052.0	1261.0	1032.0	1306.0	1014.0	1352.0	996.0	1398.0	980.0	1445.0	966.0	1492.0	955.0	1540.0	946.0	1589.0	956.0	1636.0	999.0	1657.0	1048.0	1662.0	1097.0	1660.0	1146.0	1662.0	1196.0	1664.0	1245.0	1666.0	1295.0	1668.0	1344.0	1667.0	1393.0	1668.0	1443.0	1666.0	1492.0	1661.0
108	C. vanduzeei	m	1298.0	447.0	1254.0	461.0	1219.0	490.0	1192.0	528.0	1171.0	569.0	1157.0	613.0	1142.0	656.0	1127.0	700.0	1112.0	744.0	1099.0	788.0	1087.0	832.0	1075.0	877.0	1059.0	920.0	1038.0	961.0	1015.0	1001.0	992.0	1041.0	969.0	1081.0	946.0	1121.0	923.0	1160.0	902.0	1201.0	883.0	1243.0	864.0	1286.0	844.0	1327.0	828.0	1370.0	816.0	1415.0	804.0	1459.0	793.0	1504.0	789.0	1550.0	805.0	1590.0	841.0	1619.0	884.0	1631.0	930.0	1637.0	976.0	1642.0	1022.0	1647.0	1068.0	1648.0	1114.0	1647.0	1160.0	1646.0	1206.0	1645.0	1252.0	1644.0	1298.0	1642.0
107	C. difficilis	f	1184.0	75.0	1135.0	89.0	1096.0	123.0	1066.0	164.0	1040.0	208.0	1020.0	256.0	1005.0	305.0	991.0	354.0	981.0	404.0	972.0	455.0	963.0	506.0	952.0	556.0	935.0	604.0	914.0	651.0	895.0	698.0	873.0	745.0	847.0	789.0	823.0	834.0	800.0	880.0	775.0	925.0	754.0	972.0	730.0	1017.0	708.0	1064.0	691.0	1112.0	673.0	1160.0	658.0	1209.0	646.0	1259.0	634.0	1309.0	633.0	1360.0	673.0	1378.0	724.0	1384.0	775.0	1386.0	826.0	1388.0	877.0	1391.0	928.0	1395.0	980.0	1397.0	1031.0	1398.0	1082.0	1399.0	1134.0	1399.0	1185.0	1399.0
108	C. difficilis	f	1327.0	200.0	1284.0	215.0	1247.0	243.0	1221.0	281.0	1199.0	321.0	1178.0	362.0	1160.0	404.0	1146.0	448.0	1135.0	492.0	1130.0	538.0	1123.0	583.0	1111.0	627.0	1097.0	671.0	1082.0	715.0	1063.0	757.0	1043.0	798.0	1020.0	838.0	998.0	878.0	976.0	918.0	955.0	959.0	934.0	1000.0	915.0	1041.0	896.0	1083.0	878.0	1126.0	861.0	1168.0	847.0	1212.0	835.0	1257.0	826.0	1301.0	828.0	1345.0	868.0	1366.0	914.0	1362.0	960.0	1362.0	1006.0	1363.0	1051.0	1366.0	1097.0	1369.0	1143.0	1370.0	1189.0	1370.0	1235.0	1370.0	1281.0	1370.0	1327.0	1370.0
109	C. difficilis	f	1472.0	187.0	1414.0	195.0	1365.0	228.0	1328.0	273.0	1296.0	323.0	1270.0	376.0	1252.0	432.0	1238.0	489.0	1222.0	545.0	1205.0	602.0	1193.0	659.0	1178.0	716.0	1157.0	771.0	1134.0	825.0	1107.0	878.0	1081.0	930.0	1055.0	983.0	1028.0	1035.0	1001.0	1088.0	976.0	1141.0	952.0	1194.0	928.0	1249.0	907.0	1303.0	887.0	1358.0	868.0	1414.0	848.0	1470.0	828.0	1525.0	816.0	1582.0	835.0	1637.0	886.0	1667.0	943.0	1680.0	1002.0	1684.0	1061.0	1688.0	1119.0	1694.0	1178.0	1697.0	1237.0	1698.0	1296.0	1699.0	1354.0	1699.0	1413.0	1701.0	1472.0	1699.0
110	C. difficilis	f	1319.0	250.0	1263.0	259.0	1218.0	294.0	1183.0	339.0	1152.0	387.0	1125.0	437.0	1103.0	490.0	1081.0	542.0	1064.0	597.0	1045.0	651.0	1029.0	705.0	1016.0	761.0	998.0	815.0	976.0	868.0	953.0	920.0	927.0	971.0	902.0	1022.0	875.0	1072.0	848.0	1123.0	823.0	1174.0	798.0	1225.0	773.0	1276.0	751.0	1329.0	730.0	1382.0	711.0	1436.0	695.0	1490.0	679.0	1545.0	674.0	1601.0	700.0	1648.0	749.0	1673.0	805.0	1684.0	862.0	1686.0	919.0	1687.0	976.0	1686.0	1033.0	1685.0	1090.0	1687.0	1147.0	1686.0	1204.0	1684.0	1261.0	1684.0	1318.0	1684.0
111	C. difficilis	f	1316.0	184.0	1263.0	195.0	1220.0	230.0	1189.0	274.0	1164.0	323.0	1144.0	374.0	1122.0	424.0	1101.0	474.0	1081.0	524.0	1064.0	576.0	1052.0	630.0	1041.0	683.0	1019.0	733.0	995.0	782.0	971.0	831.0	943.0	878.0	914.0	924.0	888.0	972.0	863.0	1020.0	837.0	1068.0	813.0	1117.0	788.0	1166.0	765.0	1215.0	741.0	1264.0	720.0	1315.0	702.0	1366.0	689.0	1419.0	691.0	1474.0	721.0	1519.0	770.0	1542.0	824.0	1550.0	879.0	1552.0	933.0	1552.0	988.0	1553.0	1042.0	1556.0	1097.0	1558.0	1151.0	1559.0	1206.0	1561.0	1261.0	1561.0	1315.0	1558.0
112	C. difficilis	m	1477.0	367.0	1434.0	375.0	1401.0	405.0	1376.0	441.0	1357.0	481.0	1342.0	522.0	1328.0	564.0	1319.0	607.0	1310.0	650.0	1297.0	692.0	1284.0	735.0	1273.0	777.0	1258.0	818.0	1239.0	858.0	1219.0	898.0	1199.0	937.0	1177.0	975.0	1157.0	1014.0	1136.0	1053.0	1117.0	1093.0	1099.0	1133.0	1081.0	1173.0	1064.0	1214.0	1050.0	1255.0	1036.0	1297.0	1024.0	1340.0	1012.0	1382.0	1006.0	1426.0	1029.0	1462.0	1070.0	1475.0	1114.0	1477.0	1158.0	1478.0	1202.0	1479.0	1246.0	1479.0	1290.0	1477.0	1334.0	1479.0	1378.0	1481.0	1422.0	1481.0	1466.0	1481.0	1510.0	1484.0
113	C. difficilis	m	1269.0	683.0	1228.0	696.0	1194.0	723.0	1169.0	758.0	1150.0	797.0	1132.0	836.0	1117.0	877.0	1102.0	917.0	1092.0	959.0	1086.0	1002.0	1083.0	1045.0	1074.0	1087.0	1057.0	1127.0	1037.0	1166.0	1018.0	1204.0	999.0	1243.0	977.0	1281.0	956.0	1318.0	935.0	1356.0	915.0	1394.0	894.0	1432.0	875.0	1471.0	859.0	1511.0	843.0	1551.0	829.0	1592.0	818.0	1634.0	805.0	1675.0	795.0	1717.0	807.0	1754.0	842.0	1778.0	882.0	1792.0	925.0	1798.0	968.0	1799.0	1012.0	1800.0	1055.0	1800.0	1098.0	1801.0	1141.0	1803.0	1185.0	1805.0	1228.0	1807.0	1271.0	1805.0
114	C. difficilis	m	1327.0	403.0	1284.0	418.0	1246.0	444.0	1215.0	478.0	1192.0	517.0	1174.0	559.0	1163.0	603.0	1153.0	648.0	1141.0	692.0	1130.0	737.0	1118.0	781.0	1104.0	824.0	1087.0	867.0	1066.0	907.0	1046.0	948.0	1024.0	988.0	1002.0	1029.0	981.0	1069.0	958.0	1108.0	935.0	1148.0	912.0	1188.0	894.0	1229.0	874.0	1271.0	856.0	1313.0	839.0	1355.0	823.0	1398.0	810.0	1442.0	803.0	1487.0	827.0	1516.0	872.0	1521.0	918.0	1520.0	963.0	1521.0	1009.0	1522.0	1055.0	1522.0	1100.0	1522.0	1146.0	1522.0	1192.0	1523.0	1238.0	1524.0	1283.0	1524.0	1329.0	1522.0
115	C. difficilis	m	1310.0	441.0	1263.0	454.0	1224.0	485.0	1192.0	522.0	1166.0	564.0	1150.0	610.0	1131.0	656.0	1115.0	702.0	1101.0	750.0	1088.0	797.0	1077.0	845.0	1066.0	893.0	1047.0	938.0	1020.0	980.0	994.0	1021.0	967.0	1063.0	941.0	1105.0	916.0	1147.0	891.0	1189.0	867.0	1233.0	841.0	1274.0	819.0	1318.0	799.0	1363.0	779.0	1408.0	762.0	1454.0	749.0	1502.0	740.0	1550.0	744.0	1599.0	774.0	1634.0	819.0	1651.0	868.0	1657.0	917.0	1659.0	966.0	1660.0	1016.0	1658.0	1065.0	1658.0	1114.0	1659.0	1163.0	1660.0	1213.0	1660.0	1262.0	1659.0	1311.0	1659.0
116	C. difficilis	m	1268.0	322.0	1223.0	340.0	1191.0	376.0	1163.0	416.0	1137.0	458.0	1118.0	502.0	1098.0	546.0	1078.0	590.0	1061.0	636.0	1049.0	683.0	1036.0	730.0	1019.0	775.0	996.0	818.0	976.0	862.0	952.0	904.0	928.0	947.0	905.0	990.0	882.0	1033.0	861.0	1076.0	840.0	1120.0	819.0	1164.0	799.0	1208.0	781.0	1253.0	764.0	1298.0	745.0	1343.0	728.0	1388.0	715.0	1435.0	720.0	1481.0	745.0	1522.0	785.0	1546.0	833.0	1554.0	881.0	1559.0	929.0	1564.0	978.0	1566.0	1026.0	1567.0	1075.0	1569.0	1123.0	1572.0	1172.0	1573.0	1220.0	1574.0	1269.0	1576.0
117	C. impicticornis	f	1308.0	371.0	1259.0	386.0	1221.0	419.0	1198.0	465.0	1183.0	513.0	1169.0	562.0	1156.0	612.0	1138.0	659.0	1121.0	707.0	1110.0	757.0	1096.0	806.0	1073.0	851.0	1049.0	896.0	1022.0	939.0	997.0	983.0	971.0	1027.0	944.0	1071.0	912.0	1111.0	885.0	1153.0	863.0	1199.0	842.0	1246.0	819.0	1291.0	796.0	1337.0	775.0	1383.0	753.0	1429.0	736.0	1477.0	722.0	1526.0	716.0	1575.0	751.0	1611.0	800.0	1624.0	851.0	1623.0	902.0	1627.0	952.0	1632.0	1003.0	1636.0	1054.0	1642.0	1104.0	1645.0	1155.0	1641.0	1206.0	1640.0	1257.0	1639.0	1308.0	1639.0
118	C. impicticornis	f	1339.0	404.0	1291.0	417.0	1251.0	447.0	1221.0	486.0	1199.0	531.0	1181.0	577.0	1163.0	624.0	1150.0	672.0	1140.0	720.0	1131.0	769.0	1119.0	817.0	1089.0	857.0	1061.0	899.0	1036.0	941.0	1013.0	986.0	988.0	1029.0	964.0	1072.0	942.0	1116.0	917.0	1160.0	893.0	1203.0	872.0	1248.0	851.0	1294.0	829.0	1338.0	808.0	1383.0	788.0	1429.0	770.0	1475.0	756.0	1523.0	758.0	1570.0	796.0	1602.0	842.0	1619.0	891.0	1624.0	941.0	1625.0	991.0	1625.0	1041.0	1624.0	1090.0	1625.0	1140.0	1623.0	1190.0	1621.0	1240.0	1619.0	1289.0	1621.0	1339.0	1619.0
119	C. impicticornis	f	1368.0	403.0	1320.0	417.0	1280.0	447.0	1254.0	489.0	1239.0	537.0	1226.0	585.0	1215.0	633.0	1202.0	681.0	1190.0	730.0	1175.0	777.0	1159.0	824.0	1140.0	871.0	1117.0	915.0	1092.0	957.0	1064.0	999.0	1038.0	1041.0	1012.0	1084.0	983.0	1124.0	958.0	1168.0	931.0	1209.0	908.0	1253.0	887.0	1298.0	868.0	1344.0	848.0	1390.0	833.0	1438.0	817.0	1485.0	801.0	1532.0	808.0	1580.0	832.0	1624.0	873.0	1650.0	922.0	1656.0	972.0	1658.0	1021.0	1659.0	1071.0	1661.0	1121.0	1662.0	1171.0	1662.0	1221.0	1662.0	1270.0	1662.0	1320.0	1663.0	1370.0	1663.0
120	C. impicticornis	f	1344.0	268.0	1294.0	279.0	1259.0	315.0	1234.0	359.0	1214.0	405.0	1197.0	453.0	1177.0	500.0	1161.0	548.0	1147.0	597.0	1136.0	647.0	1121.0	695.0	1095.0	739.0	1066.0	780.0	1042.0	825.0	1017.0	869.0	992.0	913.0	964.0	956.0	939.0	1000.0	916.0	1045.0	887.0	1087.0	863.0	1132.0	841.0	1178.0	822.0	1224.0	805.0	1273.0	786.0	1320.0	772.0	1368.0	761.0	1418.0	757.0	1468.0	788.0	1507.0	836.0	1522.0	887.0	1526.0	937.0	1527.0	988.0	1531.0	1039.0	1534.0	1089.0	1533.0	1140.0	1532.0	1191.0	1531.0	1242.0	1530.0	1292.0	1528.0	1343.0	1523.0
121	C. impicticornis	f	1258.0	463.0	1209.0	480.0	1170.0	513.0	1142.0	557.0	1121.0	604.0	1113.0	655.0	1102.0	705.0	1087.0	755.0	1067.0	803.0	1048.0	851.0	1031.0	899.0	1007.0	945.0	985.0	992.0	960.0	1037.0	931.0	1080.0	903.0	1123.0	877.0	1168.0	852.0	1213.0	830.0	1260.0	807.0	1306.0	780.0	1350.0	756.0	1396.0	737.0	1444.0	720.0	1493.0	704.0	1542.0	688.0	1591.0	676.0	1641.0	676.0	1692.0	697.0	1738.0	740.0	1761.0	791.0	1768.0	843.0	1770.0	894.0	1773.0	946.0	1775.0	998.0	1774.0	1049.0	1772.0	1101.0	1770.0	1153.0	1768.0	1204.0	1767.0	1256.0	1766.0
122	C. impicticornis	m	1590.0	290.0	1543.0	301.0	1499.0	322.0	1462.0	355.0	1442.0	399.0	1430.0	446.0	1424.0	495.0	1421.0	544.0	1409.0	591.0	1394.0	637.0	1372.0	681.0	1344.0	721.0	1318.0	762.0	1295.0	805.0	1270.0	847.0	1246.0	889.0	1221.0	931.0	1195.0	972.0	1171.0	1015.0	1148.0	1057.0	1124.0	1100.0	1104.0	1145.0	1083.0	1189.0	1064.0	1234.0	1047.0	1279.0	1029.0	1325.0	1017.0	1372.0	1019.0	1419.0	1053.0	1451.0	1101.0	1458.0	1150.0	1459.0	1199.0	1461.0	1247.0	1467.0	1296.0	1471.0	1345.0	1473.0	1393.0	1471.0	1442.0	1467.0	1491.0	1464.0	1539.0	1461.0	1588.0	1458.0
123	C. impicticornis	m	1410.0	497.0	1371.0	507.0	1343.0	535.0	1324.0	570.0	1311.0	607.0	1298.0	645.0	1288.0	684.0	1279.0	723.0	1268.0	761.0	1257.0	800.0	1245.0	838.0	1227.0	874.0	1206.0	907.0	1186.0	942.0	1167.0	977.0	1147.0	1012.0	1129.0	1047.0	1114.0	1084.0	1100.0	1121.0	1080.0	1156.0	1061.0	1192.0	1043.0	1227.0	1024.0	1262.0	1004.0	1297.0	985.0	1332.0	974.0	1370.0	964.0	1409.0	959.0	1448.0	975.0	1484.0	1011.0	1500.0	1051.0	1505.0	1091.0	1503.0	1131.0	1502.0	1170.0	1505.0	1210.0	1509.0	1250.0	1510.0	1290.0	1511.0	1330.0	1510.0	1370.0	1510.0	1410.0	1511.0
124	C. impicticornis	m	1552.0	451.0	1512.0	462.0	1478.0	484.0	1456.0	519.0	1437.0	555.0	1422.0	594.0	1412.0	634.0	1405.0	674.0	1395.0	714.0	1384.0	754.0	1372.0	793.0	1352.0	829.0	1329.0	863.0	1309.0	899.0	1290.0	935.0	1267.0	970.0	1245.0	1004.0	1224.0	1040.0	1206.0	1077.0	1188.0	1114.0	1168.0	1150.0	1150.0	1187.0	1134.0	1225.0	1121.0	1264.0	1109.0	1303.0	1095.0	1342.0	1083.0	1381.0	1084.0	1422.0	1104.0	1454.0	1142.0	1467.0	1183.0	1465.0	1224.0	1463.0	1265.0	1465.0	1306.0	1468.0	1347.0	1471.0	1388.0	1472.0	1429.0	1473.0	1471.0	1474.0	1512.0	1473.0	1553.0	1473.0
125	C. impicticornis	m	1639.0	480.0	1592.0	493.0	1551.0	518.0	1521.0	557.0	1503.0	602.0	1487.0	648.0	1472.0	695.0	1457.0	741.0	1444.0	788.0	1431.0	835.0	1415.0	881.0	1394.0	925.0	1367.0	965.0	1336.0	1003.0	1306.0	1041.0	1281.0	1083.0	1254.0	1123.0	1228.0	1164.0	1203.0	1206.0	1178.0	1248.0	1155.0	1291.0	1136.0	1336.0	1116.0	1380.0	1096.0	1424.0	1077.0	1470.0	1060.0	1515.0	1047.0	1562.0	1059.0	1602.0	1103.0	1621.0	1151.0	1627.0	1200.0	1629.0	1249.0	1629.0	1297.0	1629.0	1346.0	1630.0	1395.0	1628.0	1443.0	1626.0	1492.0	1627.0	1541.0	1628.0	1589.0	1627.0	1638.0	1626.0
126	C. impicticornis	m	1545.0	420.0	1501.0	428.0	1467.0	456.0	1442.0	492.0	1423.0	533.0	1407.0	574.0	1394.0	616.0	1381.0	659.0	1369.0	702.0	1360.0	745.0	1350.0	789.0	1331.0	828.0	1307.0	866.0	1284.0	903.0	1263.0	942.0	1244.0	983.0	1223.0	1022.0	1202.0	1061.0	1181.0	1100.0	1161.0	1140.0	1140.0	1179.0	1118.0	1218.0	1095.0	1256.0	1075.0	1296.0	1058.0	1337.0	1043.0	1379.0	1030.0	1421.0	1030.0	1465.0	1060.0	1498.0	1102.0	1514.0	1146.0	1515.0	1190.0	1514.0	1235.0	1515.0	1279.0	1517.0	1324.0	1518.0	1368.0	1518.0	1413.0	1518.0	1457.0	1519.0	1502.0	1520.0	1546.0	1519.0
127	C. nigritarsis	f	1407.0	240.0	1355.0	258.0	1324.0	303.0	1297.0	352.0	1276.0	403.0	1258.0	455.0	1243.0	508.0	1226.0	561.0	1214.0	615.0	1207.0	669.0	1192.0	722.0	1170.0	773.0	1145.0	822.0	1120.0	871.0	1094.0	920.0	1068.0	969.0	1041.0	1017.0	1013.0	1065.0	987.0	1114.0	961.0	1162.0	938.0	1213.0	914.0	1263.0	888.0	1311.0	865.0	1362.0	845.0	1413.0	828.0	1466.0	808.0	1517.0	790.0	1570.0	807.0	1622.0	856.0	1648.0	911.0	1655.0	966.0	1655.0	1021.0	1655.0	1076.0	1655.0	1132.0	1656.0	1187.0	1656.0	1242.0	1655.0	1297.0	1655.0	1353.0	1654.0	1408.0	1655.0
128	C. nigritarsis	f	1339.0	235.0	1289.0	248.0	1247.0	279.0	1218.0	322.0	1195.0	368.0	1179.0	417.0	1162.0	466.0	1143.0	514.0	1131.0	565.0	1124.0	616.0	1103.0	663.0	1080.0	710.0	1060.0	757.0	1033.0	801.0	1008.0	847.0	983.0	892.0	959.0	938.0	934.0	983.0	909.0	1028.0	887.0	1075.0	864.0	1122.0	841.0	1168.0	821.0	1216.0	803.0	1264.0	790.0	1315.0	776.0	1364.0	765.0	1415.0	753.0	1465.0	773.0	1513.0	823.0	1528.0	874.0	1527.0	926.0	1527.0	978.0	1529.0	1030.0	1528.0	1081.0	1529.0	1133.0	1532.0	1185.0	1533.0	1237.0	1533.0	1288.0	1534.0	1340.0	1537.0
129	C. nigritarsis	m	1334.0	204.0	1283.0	216.0	1242.0	250.0	1214.0	295.0	1197.0	345.0	1182.0	396.0	1167.0	446.0	1151.0	497.0	1138.0	548.0	1128.0	600.0	1112.0	651.0	1086.0	697.0	1060.0	743.0	1032.0	788.0	1006.0	834.0	979.0	879.0	951.0	924.0	926.0	971.0	901.0	1018.0	873.0	1062.0	845.0	1107.0	821.0	1154.0	800.0	1203.0	783.0	1253.0	763.0	1302.0	746.0	1352.0	730.0	1402.0	724.0	1451.0	759.0	1490.0	803.0	1516.0	856.0	1521.0	909.0	1524.0	962.0	1527.0	1015.0	1528.0	1068.0	1531.0	1120.0	1533.0	1173.0	1534.0	1226.0	1533.0	1279.0	1532.0	1332.0	1533.0
130	C. nigritarsis	m	1568.0	391.0	1521.0	404.0	1487.0	439.0	1465.0	483.0	1445.0	528.0	1428.0	574.0	1414.0	621.0	1400.0	668.0	1388.0	716.0	1377.0	764.0	1360.0	809.0	1339.0	854.0	1317.0	898.0	1294.0	941.0	1271.0	984.0	1245.0	1026.0	1222.0	1069.0	1199.0	1112.0	1176.0	1156.0	1157.0	1201.0	1131.0	1242.0	1110.0	1287.0	1096.0	1334.0	1077.0	1379.0	1058.0	1424.0	1041.0	1470.0	1024.0	1516.0	1011.0	1563.0	1034.0	1603.0	1077.0	1623.0	1126.0	1628.0	1175.0	1631.0	1224.0	1634.0	1273.0	1636.0	1322.0	1636.0	1371.0	1637.0	1420.0	1638.0	1469.0	1637.0	1518.0	1635.0	1567.0	1632.0
131	C. nigritarsis	m	1182.0	270.0	1136.0	289.0	1101.0	325.0	1076.0	369.0	1053.0	413.0	1037.0	461.0	1024.0	509.0	1008.0	556.0	996.0	605.0	982.0	653.0	967.0	701.0	955.0	750.0	933.0	795.0	904.0	836.0	877.0	878.0	852.0	921.0	826.0	964.0	799.0	1006.0	777.0	1051.0	750.0	1094.0	727.0	1138.0	703.0	1182.0	679.0	1226.0	658.0	1271.0	641.0	1319.0	625.0	1366.0	609.0	1414.0	613.0	1463.0	635.0	1508.0	683.0	1522.0	732.0	1533.0	782.0	1535.0	832.0	1533.0	883.0	1534.0	933.0	1534.0	983.0	1533.0	1033.0	1535.0	1083.0	1536.0	1133.0	1534.0	1183.0	1534.0
132	C. obstinata	f	1106.0	210.0	1051.0	227.0	1003.0	259.0	970.0	306.0	944.0	357.0	927.0	412.0	914.0	468.0	901.0	524.0	885.0	580.0	873.0	636.0	859.0	692.0	843.0	747.0	818.0	799.0	788.0	848.0	757.0	897.0	728.0	946.0	700.0	997.0	673.0	1047.0	645.0	1098.0	616.0	1148.0	590.0	1199.0	567.0	1252.0	544.0	1304.0	521.0	1357.0	501.0	1411.0	483.0	1466.0	467.0	1522.0	461.0	1577.0	486.0	1625.0	537.0	1646.0	595.0	1649.0	652.0	1654.0	709.0	1660.0	767.0	1663.0	824.0	1668.0	882.0	1671.0	939.0	1671.0	997.0	1671.0	1054.0	1671.0	1112.0	1672.0
133	C. obstinata	f	1467.0	368.0	1416.0	378.0	1376.0	412.0	1346.0	455.0	1324.0	502.0	1307.0	551.0	1291.0	601.0	1276.0	652.0	1260.0	701.0	1248.0	752.0	1235.0	803.0	1213.0	850.0	1198.0	900.0	1169.0	944.0	1143.0	989.0	1117.0	1034.0	1089.0	1079.0	1063.0	1124.0	1039.0	1170.0	1013.0	1216.0	989.0	1262.0	965.0	1309.0	943.0	1356.0	922.0	1404.0	904.0	1453.0	885.0	1501.0	869.0	1551.0	858.0	1600.0	892.0	1639.0	942.0	1653.0	995.0	1652.0	1047.0	1653.0	1099.0	1654.0	1151.0	1656.0	1204.0	1656.0	1256.0	1657.0	1308.0	1657.0	1360.0	1659.0	1413.0	1660.0	1465.0	1661.0
134	C. obstinata	f	1264.0	396.0	1208.0	409.0	1160.0	439.0	1124.0	484.0	1099.0	535.0	1078.0	588.0	1058.0	642.0	1042.0	697.0	1025.0	752.0	1011.0	807.0	1003.0	863.0	989.0	919.0	965.0	971.0	937.0	1020.0	906.0	1068.0	875.0	1116.0	845.0	1165.0	816.0	1215.0	792.0	1266.0	763.0	1316.0	736.0	1366.0	711.0	1417.0	687.0	1469.0	666.0	1523.0	646.0	1576.0	624.0	1629.0	604.0	1682.0	610.0	1738.0	640.0	1786.0	694.0	1797.0	751.0	1801.0	808.0	1800.0	865.0	1801.0	922.0	1805.0	979.0	1809.0	1036.0	1810.0	1094.0	1810.0	1151.0	1809.0	1208.0	1808.0	1265.0	1807.0
135	C. obstinata	f	1276.0	129.0	1225.0	142.0	1184.0	175.0	1154.0	218.0	1127.0	263.0	1112.0	313.0	1093.0	362.0	1080.0	413.0	1065.0	464.0	1052.0	515.0	1038.0	566.0	1025.0	617.0	1003.0	664.0	978.0	710.0	953.0	757.0	926.0	802.0	900.0	848.0	875.0	894.0	848.0	939.0	824.0	986.0	802.0	1034.0	780.0	1082.0	760.0	1130.0	740.0	1179.0	722.0	1228.0	707.0	1279.0	692.0	1329.0	687.0	1380.0	709.0	1426.0	751.0	1450.0	804.0	1452.0	857.0	1454.0	909.0	1456.0	962.0	1459.0	1014.0	1463.0	1067.0	1463.0	1119.0	1464.0	1172.0	1465.0	1224.0	1461.0	1277.0	1460.0
136	C. obstinata	f	1277.0	180.0	1221.0	194.0	1180.0	233.0	1152.0	283.0	1126.0	333.0	1101.0	385.0	1080.0	438.0	1064.0	493.0	1048.0	548.0	1034.0	603.0	1020.0	658.0	998.0	711.0	972.0	762.0	940.0	809.0	908.0	856.0	877.0	904.0	847.0	953.0	817.0	1002.0	788.0	1051.0	761.0	1101.0	735.0	1152.0	710.0	1204.0	686.0	1255.0	664.0	1308.0	642.0	1361.0	622.0	1415.0	606.0	1469.0	612.0	1523.0	651.0	1560.0	707.0	1570.0	764.0	1569.0	821.0	1572.0	878.0	1574.0	935.0	1578.0	992.0	1580.0	1049.0	1582.0	1107.0	1583.0	1164.0	1582.0	1221.0	1581.0	1278.0	1579.0
137	C. obstinata	m	1513.0	297.0	1470.0	308.0	1435.0	335.0	1411.0	373.0	1395.0	414.0	1385.0	457.0	1372.0	499.0	1356.0	541.0	1342.0	583.0	1330.0	626.0	1318.0	668.0	1306.0	711.0	1290.0	752.0	1270.0	792.0	1244.0	828.0	1223.0	866.0	1201.0	905.0	1179.0	943.0	1157.0	982.0	1136.0	1021.0	1114.0	1060.0	1092.0	1098.0	1073.0	1138.0	1056.0	1179.0	1042.0	1221.0	1027.0	1263.0	1013.0	1305.0	1009.0	1348.0	1035.0	1381.0	1073.0	1402.0	1116.0	1414.0	1160.0	1420.0	1204.0	1425.0	1248.0	1429.0	1292.0	1435.0	1336.0	1440.0	1380.0	1442.0	1424.0	1443.0	1469.0	1442.0	1513.0	1442.0
138	C. obstinata	m	1191.0	220.0	1149.0	233.0	1115.0	261.0	1088.0	296.0	1071.0	337.0	1055.0	378.0	1039.0	419.0	1024.0	461.0	1009.0	503.0	998.0	545.0	990.0	589.0	980.0	632.0	960.0	672.0	937.0	709.0	915.0	748.0	891.0	785.0	869.0	823.0	849.0	863.0	826.0	900.0	805.0	939.0	782.0	977.0	762.0	1017.0	743.0	1056.0	727.0	1098.0	712.0	1139.0	695.0	1180.0	682.0	1222.0	672.0	1264.0	705.0	1293.0	749.0	1302.0	793.0	1306.0	837.0	1310.0	881.0	1313.0	925.0	1313.0	969.0	1313.0	1013.0	1315.0	1057.0	1318.0	1102.0	1319.0	1146.0	1318.0	1190.0	1315.0
139	C. obstinata	m	1210.0	278.0	1162.0	292.0	1121.0	322.0	1093.0	363.0	1068.0	407.0	1050.0	454.0	1033.0	501.0	1019.0	550.0	1003.0	597.0	992.0	646.0	981.0	695.0	967.0	743.0	946.0	789.0	918.0	830.0	891.0	873.0	863.0	915.0	837.0	958.0	809.0	1000.0	783.0	1042.0	759.0	1087.0	736.0	1131.0	712.0	1175.0	689.0	1220.0	669.0	1266.0	652.0	1314.0	636.0	1361.0	620.0	1409.0	624.0	1453.0	662.0	1485.0	709.0	1500.0	759.0	1501.0	809.0	1503.0	859.0	1505.0	909.0	1508.0	960.0	1510.0	1010.0	1509.0	1060.0	1507.0	1110.0	1508.0	1161.0	1508.0	1211.0	1508.0
140	C. obstinata	m	1339.0	333.0	1284.0	339.0	1240.0	372.0	1204.0	414.0	1177.0	462.0	1156.0	513.0	1137.0	565.0	1117.0	617.0	1101.0	669.0	1084.0	722.0	1068.0	775.0	1050.0	827.0	1023.0	875.0	994.0	921.0	965.0	968.0	938.0	1016.0	909.0	1063.0	881.0	1111.0	851.0	1157.0	827.0	1207.0	805.0	1257.0	782.0	1308.0	757.0	1357.0	733.0	1407.0	713.0	1458.0	692.0	1509.0	674.0	1561.0	685.0	1612.0	732.0	1640.0	787.0	1648.0	842.0	1652.0	897.0	1655.0	952.0	1657.0	1007.0	1660.0	1062.0	1664.0	1117.0	1665.0	1172.0	1665.0	1228.0	1665.0	1283.0	1665.0	1338.0	1665.0
141	C. obstinata	m	1194.0	397.0	1148.0	410.0	1113.0	443.0	1086.0	483.0	1066.0	527.0	1051.0	573.0	1035.0	618.0	1020.0	664.0	1006.0	710.0	996.0	757.0	986.0	804.0	977.0	851.0	964.0	897.0	943.0	941.0	919.0	982.0	892.0	1022.0	867.0	1063.0	842.0	1104.0	820.0	1147.0	799.0	1190.0	778.0	1234.0	756.0	1276.0	734.0	1319.0	713.0	1362.0	695.0	1407.0	678.0	1452.0	664.0	1498.0	653.0	1545.0	673.0	1585.0	716.0	1603.0	764.0	1608.0	812.0	1612.0	860.0	1617.0	908.0	1620.0	956.0	1619.0	1004.0	1617.0	1052.0	1616.0	1100.0	1616.0	1148.0	1616.0	1196.0	1615.0
142	C. pengue	f	1262.0	416.0	1211.0	429.0	1174.0	466.0	1146.0	510.0	1126.0	559.0	1112.0	610.0	1097.0	661.0	1081.0	711.0	1066.0	761.0	1049.0	811.0	1035.0	862.0	1010.0	909.0	983.0	954.0	955.0	999.0	931.0	1046.0	902.0	1090.0	875.0	1135.0	848.0	1180.0	824.0	1227.0	803.0	1276.0	785.0	1325.0	760.0	1372.0	736.0	1419.0	716.0	1468.0	694.0	1516.0	674.0	1564.0	662.0	1615.0	664.0	1667.0	691.0	1713.0	734.0	1742.0	785.0	1752.0	838.0	1756.0	891.0	1760.0	943.0	1764.0	996.0	1768.0	1048.0	1773.0	1101.0	1775.0	1154.0	1771.0	1206.0	1766.0	1262.0	1766.0
143	C. pengue	f	1416.0	337.0	1365.0	350.0	1322.0	381.0	1290.0	423.0	1264.0	470.0	1248.0	520.0	1232.0	570.0	1212.0	620.0	1200.0	672.0	1191.0	724.0	1178.0	776.0	1158.0	825.0	1130.0	870.0	1099.0	913.0	1076.0	961.0	1049.0	1007.0	1022.0	1053.0	996.0	1099.0	970.0	1145.0	943.0	1192.0	917.0	1238.0	892.0	1285.0	867.0	1332.0	849.0	1382.0	829.0	1431.0	809.0	1480.0	793.0	1531.0	783.0	1581.0	823.0	1617.0	865.0	1647.0	918.0	1649.0	972.0	1651.0	1025.0	1656.0	1078.0	1659.0	1131.0	1659.0	1184.0	1661.0	1237.0	1662.0	1291.0	1662.0	1344.0	1661.0	1397.0	1659.0
144	C. pengue	f	1213.0	236.0	1162.0	244.0	1120.0	275.0	1091.0	318.0	1067.0	364.0	1047.0	413.0	1031.0	462.0	1017.0	513.0	1000.0	562.0	984.0	612.0	971.0	663.0	961.0	714.0	946.0	764.0	922.0	810.0	895.0	855.0	869.0	900.0	843.0	946.0	817.0	991.0	791.0	1036.0	764.0	1081.0	739.0	1127.0	717.0	1175.0	694.0	1221.0	672.0	1269.0	652.0	1317.0	635.0	1366.0	622.0	1417.0	617.0	1468.0	647.0	1509.0	690.0	1538.0	741.0	1549.0	793.0	1552.0	845.0	1555.0	897.0	1557.0	950.0	1559.0	1002.0	1559.0	1054.0	1557.0	1106.0	1555.0	1159.0	1554.0	1211.0	1552.0
145	C. pengue	f	1524.0	321.0	1479.0	334.0	1441.0	361.0	1415.0	401.0	1393.0	442.0	1376.0	486.0	1363.0	531.0	1351.0	577.0	1338.0	622.0	1326.0	667.0	1314.0	713.0	1304.0	759.0	1285.0	802.0	1265.0	844.0	1243.0	885.0	1218.0	925.0	1194.0	966.0	1172.0	1007.0	1150.0	1049.0	1128.0	1090.0	1109.0	1133.0	1091.0	1176.0	1074.0	1220.0	1055.0	1263.0	1036.0	1306.0	1019.0	1350.0	1006.0	1395.0	1003.0	1442.0	1027.0	1480.0	1067.0	1502.0	1112.0	1512.0	1159.0	1515.0	1206.0	1517.0	1253.0	1519.0	1300.0	1520.0	1347.0	1519.0	1394.0	1517.0	1441.0	1517.0	1488.0	1516.0	1535.0	1516.0
146	C. pengue	f	1218.0	277.0	1171.0	289.0	1132.0	318.0	1099.0	354.0	1076.0	397.0	1062.0	444.0	1047.0	490.0	1033.0	537.0	1018.0	584.0	1005.0	631.0	992.0	678.0	986.0	726.0	975.0	774.0	953.0	817.0	929.0	859.0	905.0	902.0	880.0	944.0	855.0	986.0	833.0	1029.0	809.0	1072.0	785.0	1114.0	764.0	1159.0	744.0	1203.0	724.0	1248.0	705.0	1293.0	688.0	1338.0	672.0	1385.0	663.0	1432.0	686.0	1474.0	729.0	1496.0	777.0	1501.0	826.0	1501.0	875.0	1507.0	923.0	1511.0	972.0	1512.0	1021.0	1514.0	1069.0	1512.0	1118.0	1510.0	1167.0	1510.0	1216.0	1510.0
147	C. pengue	m	1093.0	319.0	1044.0	333.0	1007.0	367.0	975.0	406.0	951.0	450.0	933.0	497.0	917.0	545.0	904.0	594.0	890.0	643.0	878.0	692.0	874.0	742.0	863.0	792.0	840.0	837.0	812.0	879.0	786.0	922.0	761.0	966.0	733.0	1008.0	706.0	1051.0	683.0	1096.0	656.0	1139.0	634.0	1184.0	612.0	1230.0	588.0	1274.0	566.0	1320.0	546.0	1366.0	527.0	1413.0	510.0	1460.0	499.0	1509.0	537.0	1542.0	584.0	1561.0	634.0	1564.0	685.0	1564.0	735.0	1565.0	786.0	1566.0	836.0	1566.0	887.0	1565.0	937.0	1567.0	988.0	1569.0	1038.0	1570.0	1089.0	1568.0
148	C. pengue	m	1516.0	516.0	1470.0	529.0	1435.0	560.0	1411.0	601.0	1390.0	644.0	1372.0	688.0	1355.0	732.0	1340.0	778.0	1326.0	823.0	1317.0	870.0	1312.0	917.0	1300.0	963.0	1282.0	1007.0	1259.0	1049.0	1235.0	1090.0	1211.0	1131.0	1187.0	1172.0	1163.0	1213.0	1140.0	1255.0	1119.0	1298.0	1096.0	1340.0	1075.0	1383.0	1053.0	1425.0	1032.0	1467.0	1014.0	1512.0	998.0	1557.0	988.0	1603.0	979.0	1650.0	1004.0	1687.0	1042.0	1715.0	1087.0	1727.0	1135.0	1730.0	1183.0	1732.0	1230.0	1732.0	1278.0	1730.0	1326.0	1731.0	1373.0	1730.0	1421.0	1730.0	1468.0	1730.0	1516.0	1731.0
149	C. pengue	m	1174.0	401.0	1134.0	415.0	1102.0	442.0	1075.0	475.0	1053.0	511.0	1036.0	549.0	1021.0	589.0	1004.0	628.0	991.0	668.0	978.0	708.0	969.0	750.0	958.0	791.0	946.0	831.0	928.0	869.0	908.0	907.0	888.0	944.0	868.0	981.0	848.0	1018.0	824.0	1053.0	802.0	1089.0	781.0	1126.0	760.0	1163.0	744.0	1201.0	729.0	1241.0	716.0	1282.0	705.0	1322.0	696.0	1364.0	698.0	1405.0	718.0	1440.0	753.0	1463.0	793.0	1474.0	835.0	1479.0	878.0	1481.0	920.0	1479.0	962.0	1478.0	1004.0	1476.0	1047.0	1474.0	1089.0	1472.0	1131.0	1468.0	1173.0	1466.0
150	C. pengue	m	1538.0	319.0	1499.0	334.0	1466.0	361.0	1441.0	395.0	1424.0	435.0	1411.0	475.0	1396.0	515.0	1386.0	556.0	1374.0	597.0	1365.0	638.0	1358.0	680.0	1340.0	719.0	1316.0	754.0	1291.0	788.0	1267.0	823.0	1245.0	859.0	1222.0	895.0	1199.0	931.0	1180.0	969.0	1160.0	1006.0	1137.0	1042.0	1121.0	1081.0	1102.0	1120.0	1086.0	1159.0	1071.0	1199.0	1057.0	1239.0	1044.0	1280.0	1049.0	1318.0	1074.0	1352.0	1113.0	1368.0	1155.0	1370.0	1198.0	1369.0	1240.0	1369.0	1283.0	1372.0	1325.0	1372.0	1368.0	1374.0	1410.0	1371.0	1453.0	1372.0	1495.0	1372.0	1538.0	1370.0
151	C. runaspis	f	1001.0	48.0	936.0	74.0	891.0	126.0	864.0	190.0	840.0	256.0	819.0	322.0	801.0	390.0	783.0	457.0	767.0	525.0	754.0	593.0	732.0	659.0	700.0	721.0	666.0	781.0	626.0	838.0	590.0	898.0	553.0	957.0	519.0	1018.0	490.0	1081.0	461.0	1145.0	430.0	1207.0	403.0	1271.0	378.0	1336.0	354.0	1401.0	327.0	1466.0	301.0	1530.0	278.0	1596.0	256.0	1662.0	238.0	1729.0	260.0	1794.0	312.0	1838.0	380.0	1851.0	449.0	1857.0	519.0	1863.0	588.0	1869.0	658.0	1872.0	727.0	1875.0	797.0	1879.0	866.0	1884.0	935.0	1890.0	1005.0	1892.0
152	C. runaspis	f	1554.0	85.0	1491.0	105.0	1442.0	149.0	1408.0	206.0	1385.0	268.0	1364.0	330.0	1339.0	391.0	1319.0	454.0	1301.0	518.0	1284.0	581.0	1262.0	644.0	1238.0	705.0	1206.0	763.0	1177.0	822.0	1146.0	880.0	1112.0	937.0	1078.0	993.0	1044.0	1050.0	1013.0	1109.0	981.0	1166.0	954.0	1226.0	931.0	1288.0	911.0	1351.0	890.0	1414.0	872.0	1477.0	856.0	1541.0	841.0	1605.0	826.0	1670.0	836.0	1734.0	895.0	1756.0	960.0	1766.0	1026.0	1774.0	1092.0	1780.0	1158.0	1784.0	1223.0	1787.0	1289.0	1790.0	1355.0	1794.0	1421.0	1799.0	1487.0	1803.0	1553.0	1805.0
153	C. runaspis	f	1492.0	135.0	1430.0	155.0	1384.0	200.0	1352.0	257.0	1330.0	318.0	1311.0	380.0	1298.0	444.0	1285.0	507.0	1267.0	570.0	1251.0	633.0	1236.0	696.0	1212.0	756.0	1181.0	813.0	1147.0	869.0	1119.0	927.0	1090.0	985.0	1060.0	1043.0	1025.0	1097.0	994.0	1155.0	964.0	1212.0	934.0	1269.0	908.0	1329.0	887.0	1390.0	867.0	1452.0	848.0	1514.0	829.0	1577.0	809.0	1638.0	793.0	1701.0	793.0	1766.0	842.0	1804.0	906.0	1810.0	971.0	1806.0	1036.0	1807.0	1101.0	1808.0	1166.0	1808.0	1231.0	1808.0	1295.0	1812.0	1360.0	1817.0	1425.0	1819.0	1490.0	1818.0
154	C. runaspis	f	1387.0	47.0	1320.0	69.0	1279.0	126.0	1257.0	192.0	1235.0	259.0	1206.0	323.0	1185.0	390.0	1165.0	458.0	1154.0	527.0	1131.0	593.0	1109.0	660.0	1079.0	723.0	1050.0	787.0	1018.0	850.0	983.0	911.0	945.0	970.0	906.0	1029.0	873.0	1090.0	840.0	1153.0	810.0	1216.0	780.0	1280.0	753.0	1344.0	729.0	1410.0	704.0	1476.0	682.0	1543.0	664.0	1610.0	645.0	1678.0	630.0	1747.0	636.0	1816.0	685.0	1866.0	755.0	1870.0	825.0	1871.0	895.0	1877.0	964.0	1888.0	1034.0	1894.0	1104.0	1897.0	1175.0	1897.0	1245.0	1902.0	1315.0	1905.0	1385.0	1903.0
155	C. runaspis	f	1277.0	2.0	1210.0	24.0	1168.0	81.0	1142.0	147.0	1123.0	216.0	1105.0	284.0	1091.0	354.0	1076.0	423.0	1056.0	491.0	1036.0	559.0	1010.0	625.0	979.0	689.0	945.0	752.0	913.0	815.0	878.0	877.0	843.0	938.0	808.0	1000.0	774.0	1062.0	743.0	1126.0	711.0	1190.0	681.0	1254.0	653.0	1319.0	626.0	1384.0	602.0	1451.0	583.0	1520.0	569.0	1589.0	557.0	1659.0	547.0	1729.0	545.0	1799.0	575.0	1859.0	637.0	1887.0	708.0	1895.0	779.0	1900.0	849.0	1904.0	920.0	1906.0	991.0	1908.0	1062.0	1910.0	1133.0	1913.0	1204.0	1915.0	1275.0	1914.0
156	C. runaspis	m	1416.0	97.0	1358.0	118.0	1315.0	163.0	1288.0	219.0	1271.0	279.0	1255.0	339.0	1243.0	400.0	1232.0	461.0	1213.0	520.0	1196.0	580.0	1180.0	640.0	1157.0	698.0	1124.0	750.0	1091.0	803.0	1058.0	855.0	1027.0	909.0	996.0	963.0	967.0	1018.0	938.0	1073.0	910.0	1129.0	879.0	1183.0	856.0	1240.0	831.0	1297.0	806.0	1354.0	785.0	1412.0	769.0	1473.0	756.0	1533.0	743.0	1594.0	740.0	1653.0	794.0	1681.0	856.0	1682.0	918.0	1685.0	981.0	1688.0	1043.0	1692.0	1104.0	1698.0	1166.0	1701.0	1229.0	1704.0	1291.0	1705.0	1353.0	1706.0	1415.0	1705.0
157	C. runaspis	m	1476.0	259.0	1424.0	274.0	1385.0	314.0	1361.0	365.0	1351.0	420.0	1335.0	474.0	1323.0	529.0	1311.0	584.0	1299.0	639.0	1288.0	695.0	1280.0	750.0	1260.0	803.0	1236.0	854.0	1212.0	904.0	1183.0	953.0	1153.0	1000.0	1120.0	1046.0	1092.0	1095.0	1062.0	1143.0	1037.0	1193.0	1013.0	1244.0	991.0	1296.0	969.0	1348.0	952.0	1402.0	935.0	1455.0	917.0	1509.0	906.0	1564.0	892.0	1618.0	885.0	1674.0	921.0	1715.0	973.0	1734.0	1029.0	1740.0	1086.0	1742.0	1142.0	1742.0	1198.0	1744.0	1255.0	1744.0	1311.0	1742.0	1367.0	1739.0	1424.0	1738.0	1476.0	1738.0
158	C. runaspis	m	1171.0	148.0	1114.0	166.0	1074.0	211.0	1049.0	266.0	1029.0	323.0	1011.0	381.0	989.0	438.0	975.0	497.0	960.0	556.0	942.0	614.0	915.0	668.0	889.0	723.0	859.0	776.0	828.0	828.0	797.0	880.0	768.0	933.0	742.0	988.0	713.0	1042.0	683.0	1095.0	659.0	1151.0	635.0	1207.0	614.0	1264.0	595.0	1321.0	575.0	1379.0	561.0	1438.0	543.0	1495.0	526.0	1554.0	513.0	1613.0	522.0	1669.0	577.0	1693.0	638.0	1694.0	698.0	1696.0	759.0	1698.0	820.0	1699.0	880.0	1702.0	941.0	1705.0	1002.0	1705.0	1063.0	1705.0	1124.0	1703.0	1171.0	1698.0
159	C. runaspis	m	1281.0	130.0	1224.0	154.0	1182.0	199.0	1148.0	252.0	1119.0	307.0	1104.0	367.0	1096.0	428.0	1092.0	490.0	1087.0	552.0	1070.0	612.0	1050.0	671.0	1023.0	726.0	995.0	782.0	969.0	838.0	941.0	894.0	913.0	949.0	885.0	1004.0	857.0	1060.0	825.0	1113.0	796.0	1168.0	770.0	1224.0	742.0	1280.0	719.0	1338.0	698.0	1396.0	676.0	1454.0	658.0	1513.0	641.0	1573.0	629.0	1634.0	634.0	1695.0	670.0	1741.0	726.0	1764.0	787.0	1774.0	849.0	1781.0	911.0	1785.0	973.0	1790.0	1035.0	1794.0	1097.0	1798.0	1159.0	1801.0	1221.0	1803.0	1283.0	1805.0
160	C. runaspis	m	1282.0	72.0	1222.0	91.0	1181.0	140.0	1153.0	197.0	1127.0	255.0	1114.0	317.0	1105.0	380.0	1093.0	443.0	1088.0	506.0	1070.0	567.0	1047.0	626.0	1017.0	682.0	982.0	735.0	954.0	792.0	923.0	847.0	895.0	904.0	868.0	962.0	840.0	1019.0	811.0	1075.0	781.0	1131.0	751.0	1187.0	723.0	1244.0	695.0	1301.0	669.0	1359.0	650.0	1420.0	634.0	1481.0	614.0	1541.0	599.0	1603.0	609.0	1665.0	653.0	1710.0	713.0	1726.0	776.0	1737.0	838.0	1749.0	901.0	1760.0	964.0	1769.0	1027.0	1771.0	1091.0	1775.0	1154.0	1777.0	1218.0	1777.0	1281.0	1779.0